480 17 14 19 12 3 18 60 160 29 6 44 16 3 16 239 129 14 3 26 25 6 34 145 46 18 5 14 9 4 17 167 19 4 0 1 3 0 0 7 32 8 3 13 7 2 12 41 21 4 0 4 2 0 5 20 15 5 1 3 5 2 1 49 6 2 3 3 1 0 4 4 10 4 0 1 0 0 0 7 9 2 1 0 2 0 0 6 4 0 0 1 4 0 2 7 18 5 2 5 0 0 0 5 42 7 2 8 5 0 2 32 21 4 1 4 2 2 4 24 14 2 0 7 1 1 8 42 15 2 0 1 0 1 1 6 23 4 0 4 0 1 1 19 25 1 2 8 8 1 3 20 20 3 1 5 4 2 4 47 3 0 0 0 0 0 0 2 4 1 0 1 1 0 0 5 3 0 0 1 2 0 0 6 9 1 0 1 0 2 0 19 12 0 3 1 1 0 3 4 12 6 1 5 3 1 2 20 39 6 1 2 12 1 13 32 12 3 0 3 5 2 8 41 67 10 2 6 4 2 9 24 196 20 5 28 20 7 16 167 284 14 4 23 41 4 28 178 178 40 4 34 40 10 28 379
459 19 24 17 10 2 24 57 96 30 12 35 8 4 4 100 130 7 5 10 38 2 47 242 46 13 0 2 17 5 8 89 16 1 2 1 2 1 1 5 33 51 2 118 3 7 1 47 2 1 5 4 4 0 3 13 4 10 0 5 6 5 1 27 17 3 8 4 5 1 3 3 5 9 3 4 0 1 0 7 7 0 1 1 5 0 6 2 4 1 0 0 0 0 3 3 29 3 3 4 1 0 1 3 55 82 2 86 4 6 5 48 5 1 1 2 3 0 3 15 7 6 1 7 2 4 3 27 10 2 0 1 4 0 4 5 15 3 2 2 1 0 0 4 31 1 2 6 62 4 77 62 7 2 0 1 8 6 11 53 1 1 0 0 0 0 1 1 5 2 0 6 1 1 1 6 4 2 1 1 0 2 3 6 2 5 0 4 11 6 0 31 23 2 5 8 5 0 8 7 10 2 0 2 2 0 0 10 44 1 3 3 71 6 91 54 6 5 0 4 5 2 9 41 40 2 4 4 1 3 5 18 131 53 5 57 7 5 18 116 98 10 9 4 45 6 47 168 94 38 5 38 37 34 34 336
413 10 7 19 22 6 25 111 91 18 6 25 21 4 18 213 113 12 10 13 43 11 51 321 64 11 2 14 7 6 22 291 12 2 0 0 1 0 3 8 12 5 1 6 2 2 7 35 13 1 0 0 3 1 10 21 10 2 1 3 2 0 5 47 7 0 2 1 1 0 1 3 6 0 1 0 0 0 0 7 0 0 0 2 4 1 3 13 2 0 0 2 4 2 2 10 13 1 0 0 1 0 0 9 22 1 2 5 4 1 0 32 12 3 0 2 4 0 3 27 11 2 0 3 4 1 5 43 16 0 1 2 0 2 2 8 12 0 0 2 1 3 5 33 17 2 1 4 12 1 8 42 16 3 1 9 3 4 3 83 2 2 0 0 0 0 0 1 2 1 0 1 0 0 1 6 5 1 2 1 1 1 2 9 5 1 0 0 0 1 4 28 11 1 0 3 1 0 0 7 11 2 1 4 4 1 2 21 35 4 1 1 6 2 13 54 11 4 0 4 4 3 8 78 72 8 1 4 5 1 4 15 226 20 7 24 15 3 11 89 165 17 4 17 42 6 20 154 160 26 8 26 17 16 29 477
463 10 12 15 11 0 14 53 148 23 8 30 22 3 26 212 155 14 9 15 23 7 18 78 95 22 4 12 16 3 17 118 8 2 1 3 1 0 0 8 25 4 1 2 6 3 6 32 27 6 2 3 3 0 2 18 22 2 2 4 4 5 5 41 7 4 4 2 0 0 5 4 6 3 0 1 0 0 0 11 4 1 1 2 1 0 5 6 3 1 0 1 0 0 1 8 17 1 0 2 2 2 0 3 35 4 0 11 5 0 3 23 17 1 1 1 4 0 8 18 18 2 1 4 5 1 2 35 15 2 0 4 5 0 0 5 12 5 0 4 3 1 4 16 37 3 0 7 2 0 4 19 15 4 0 6 9 0 3 30 9 0 2 0 1 0 1 1 2 1 0 2 2 0 0 6 8 1 0 1 2 0 0 4 4 3 0 1 3 2 1 22 23 2 8 1 0 1 6 3 27 3 1 7 3 3 5 17 32 4 2 2 8 1 14 22 18 2 0 3 5 1 8 29 82 4 6 6 9 0 6 24 139 24 2 37 27 2 21 189 313 27 6 29 31 6 45 193 226 41 8 35 35 27 49 444
485 18 12 15 18 7 13 101 112 18 6 25 22 5 24 156 162 32 10 14 26 5 43 343 71 14 4 22 17 13 20 296 18 2 1 3 4 0 1 5 7 19 2 27 4 0 4 21 9 2 0 3 2 2 2 20 9 4 0 2 5 3 9 42 9 2 6 4 1 0 4 5 4 2 0 0 2 0 0 12 8 1 0 1 2 1 3 13 3 3 1 0 1 4 2 12 8 1 0 1 2 0 3 4 26 52 1 34 2 1 3 38 10 4 1 6 5 0 5 19 11 3 3 5 2 3 5 60 12 5 1 3 2 0 5 8 17 2 0 4 3 1 3 23 13 4 2 2 15 0 24 48 7 5 2 10 3 3 5 56 4 1 0 0 1 1 1 4 3 3 0 4 0 0 0 6 2 0 2 0 2 0 2 5 2 3 0 4 2 7 2 43 13 3 4 0 3 1 6 7 8 1 1 0 6 0 2 19 12 3 3 6 30 2 24 50 8 5 0 6 3 6 6 57 21 4 4 3 4 0 5 27 141 22 3 17 8 7 13 142 39 8 3 10 22 5 19 176 61 20 6 24 21 22 34 496
469 20 21 9 26 3 20 45 112 23 6 51 9 8 13 115 140 12 11 12 40 7 50 208 44 8 3 7 6 6 11 93 8 2 4 5 3 2 0 5 46 49 7 99 8 1 3 26 8 3 3 1 1 0 7 16 8 2 0 4 3 4 9 27 25 5 10 4 2 0 7 4 5 3 0 2 1 0 0 6 5 4 2 0 3 0 6 7 1 0 1 1 0 0 0 4 23 1 6 6 1 0 3 4 50 56 3 60 3 2 7 39 13 3 0 1 5 2 7 12 8 4 1 8 5 11 5 26 17 2 6 4 5 0 6 8 8 3 1 2 1 2 3 14 28 5 4 5 55 4 54 47 5 1 0 5 9 3 6 36 3 0 0 0 1 0 1 1 5 2 0 9 0 1 2 7 2 1 0 0 3 0 7 7 6 5 0 7 4 10 4 39 14 1 4 3 5 0 9 8 10 4 3 5 2 0 1 14 46 5 6 9 56 5 90 56 11 3 3 1 7 4 8 48 49 6 3 3 3 2 8 16 139 53 3 41 8 7 11 133 94 6 1 5 50 9 34 197 91 39 6 35 33 30 29 343
456 26 9 10 27 5 18 78 113 24 10 44 24 7 28 294 93 3 3 12 30 5 16 170 82 11 2 14 9 4 9 312 31 5 3 2 9 3 5 8 26 11 8 39 4 0 5 50 20 5 1 1 2 0 1 17 10 4 3 6 0 1 3 26 16 0 1 0 4 0 3 1 6 1 0 2 0 1 0 4 4 4 0 0 7 0 3 6 4 1 0 0 0 0 1 7 22 3 5 3 6 1 0 2 33 7 1 11 2 2 5 16 29 2 1 2 3 0 3 15 11 4 1 7 6 3 4 29 16 2 2 2 0 0 1 7 6 2 2 2 1 0 3 26 19 4 1 1 6 1 2 17 11 6 0 6 3 0 5 28 7 1 3 0 1 0 2 2 7 4 1 8 0 0 0 2 7 1 0 1 1 1 1 3 6 3 0 3 0 0 1 18 12 4 0 2 1 2 1 1 8 1 0 2 2 0 5 16 47 5 2 6 52 6 14 21 13 4 2 8 3 6 1 43 67 7 5 1 9 1 3 24 147 25 8 32 19 5 19 137 270 29 6 21 57 7 29 118 132 44 13 53 34 22 37 350
469 20 19 17 26 3 19 92 120 33 13 52 11 3 20 172 164 18 7 13 31 11 46 221 105 10 4 16 13 4 12 207 21 3 4 2 4 1 1 4 17 19 5 78 3 0 10 31 13 3 1 4 6 0 6 23 10 8 1 5 5 0 3 38 17 0 6 0 6 0 1 3 4 1 2 0 1 0 1 6 5 1 1 0 5 1 2 4 2 0 0 0 0 2 2 10 13 2 0 5 2 0 2 3 16 26 2 25 3 2 4 25 15 0 3 4 2 1 5 16 6 3 0 6 2 3 4 53 12 2 1 2 6 0 3 6 10 3 1 2 1 1 2 26 35 2 2 5 26 3 49 56 4 1 0 6 6 2 5 45 2 1 0 2 1 2 0 0 4 3 0 12 0 0 1 3 3 0 0 0 1 4 2 7 2 3 1 6 3 6 5 27 17 1 3 1 4 0 4 4 10 2 1 1 4 1 3 19 46 6 4 2 71 10 45 41 12 6 1 7 3 7 5 63 43 7 2 2 3 0 5 46 74 16 2 22 9 4 17 136 85 10 7 7 35 5 45 160 93 13 4 26 22 22 36 435
440 17 15 12 6 0 8 52 116 30 4 18 6 2 5 51 96 32 6 37 15 3 22 793 32 11 0 10 9 5 10 154 9 3 4 1 1 0 0 3 19 34 2 57 2 1 3 16 4 1 0 2 1 0 5 21 4 4 2 3 3 1 4 33 17 1 6 2 0 0 4 0 14 5 2 5 1 0 0 2 2 0 1 3 2 1 0 2 1 0 0 0 0 1 0 5 9 4 2 0 0 1 3 7 69 81 3 49 5 4 4 28 9 2 1 0 4 0 3 24 13 3 0 3 6 2 3 34 9 2 7 1 3 1 2 2 13 2 0 9 3 0 0 12 20 2 2 2 14 0 37 17 7 3 0 0 2 4 0 25 1 2 1 0 0 0 0 1 2 2 0 3 0 0 0 3 2 0 0 0 0 0 5 3 3 2 1 0 3 9 4 30 25 0 2 2 2 0 2 1 23 3 0 3 1 3 3 7 23 2 0 0 46 3 29 18 8 2 0 0 2 2 3 26 44 4 0 5 2 0 5 15 422 84 6 46 21 12 14 100 55 9 0 15 30 4 23 94 92 33 5 36 32 24 25 370
448 16 13 18 13 2 13 55 139 32 2 42 17 6 15 80 155 33 3 28 26 3 26 284 72 22 1 22 12 5 20 175 11 1 0 2 1 0 5 3 29 7 1 5 2 0 6 32 8 4 0 5 3 1 9 27 10 12 1 4 2 1 13 50 10 3 0 1 0 0 0 2 9 2 0 3 1 1 2 2 5 2 0 2 1 0 1 8 0 1 1 2 0 0 1 11 12 4 0 0 2 1 0 9 34 32 2 15 10 3 4 38 14 1 1 7 7 0 4 25 10 4 1 5 6 6 4 47 10 0 1 3 0 1 2 8 24 1 2 5 2 1 2 17 19 4 1 3 7 1 5 30 18 4 0 6 8 2 3 48 3 2 0 0 0 0 1 3 1 5 0 2 0 0 1 0 3 1 0 3 0 0 4 9 5 2 2 3 2 1 1 26 8 2 0 1 0 0 1 5 22 8 1 2 3 1 4 15 20 5 2 5 4 0 7 32 15 9 2 3 4 4 4 55 44 7 3 3 7 1 5 23 275 45 8 36 22 4 22 165 68 13 3 14 25 4 36 179 141 37 6 35 26 20 45 543
482 10 17 13 22 4 14 55 161 18 3 25 14 3 9 102 193 26 9 20 28 6 37 236 75 13 5 14 17 0 12 135 17 0 0 3 2 0 1 6 14 12 7 31 3 0 2 27 11 1 2 1 3 2 3 25 13 4 2 3 5 2 2 27 16 4 2 4 2 3 3 1 5 1 1 0 2 0 0 5 7 0 0 2 5 0 4 3 7 0 0 1 1 1 0 8 9 2 2 1 3 0 2 7 29 14 1 16 7 0 5 21 8 5 1 1 8 0 5 24 14 5 1 2 3 0 5 27 24 0 0 4 4 0 3 4 12 5 0 3 2 0 2 14 33 4 3 1 28 3 37 39 18 3 1 4 9 5 8 38 4 0 0 1 2 0 0 1 4 1 1 1 1 0 0 4 4 0 1 1 2 1 3 12 5 2 0 1 2 2 2 24 20 3 0 3 2 1 2 5 21 1 2 1 1 2 3 14 42 4 1 3 38 3 23 49 18 6 1 6 9 5 5 38 57 8 4 9 7 1 9 58 166 28 3 18 14 8 22 180 150 15 1 13 34 9 40 211 143 23 7 18 32 37 28 456
445 5 12 6 18 6 6 73 154 19 5 38 16 5 28 177 106 7 2 12 8 2 11 115 96 12 1 9 10 3 11 177 37 4 6 4 2 1 4 9 32 14 11 57 3 0 4 46 19 2 0 1 2 0 4 8 16 4 0 7 4 3 2 23 15 1 1 0 3 0 2 3 5 1 0 4 0 1 0 6 6 2 0 0 7 0 3 1 7 0 1 3 0 0 1 5 25 1 2 3 3 0 2 2 58 15 0 15 5 1 1 30 21 4 1 1 5 1 3 8 18 3 2 2 3 2 2 31 14 2 1 2 0 0 0 6 8 3 1 7 1 0 2 14 18 1 3 2 13 2 7 16 13 2 1 5 2 1 3 22 3 2 1 3 3 0 0 0 10 0 1 6 0 1 0 6 3 0 0 1 1 0 2 4 8 1 1 4 5 1 5 27 16 0 2 1 4 0 3 1 5 6 1 3 2 0 1 15 55 7 2 2 38 5 16 21 10 8 2 5 5 4 4 38 86 8 2 10 2 0 4 28 238 38 8 48 7 6 15 145 234 34 5 11 48 4 50 117 236 41 11 60 53 27 29 429
416 7 6 12 12 2 12 124 93 19 4 29 13 8 14 428 110 9 5 10 25 4 30 286 56 19 4 16 22 3 18 380 9 2 2 3 1 0 1 8 25 9 3 7 2 0 1 27 12 0 0 2 2 0 1 19 3 1 2 2 3 1 4 47 11 1 1 0 1 0 1 3 4 2 0 0 0 0 0 6 4 0 0 0 2 3 1 5 5 1 0 2 5 1 0 10 12 1 0 0 0 0 1 7 35 6 0 13 3 2 4 28 10 0 0 0 6 0 4 18 10 4 0 4 3 1 2 29 6 2 0 1 3 0 2 5 13 1 0 2 5 1 1 15 14 2 3 4 9 1 6 25 9 4 0 1 5 2 7 40 5 0 0 0 0 0 0 1 7 2 0 3 0 1 0 5 5 0 1 1 1 1 1 2 3 0 1 0 3 5 5 21 9 1 1 1 1 0 2 2 8 0 1 5 3 0 0 13 25 4 0 3 10 2 10 36 9 3 1 3 2 1 8 39 64 4 4 6 4 2 4 29 245 29 2 32 15 6 14 125 158 17 3 9 14 4 25 148 206 32 5 30 33 10 21 426
458 18 24 18 18 5 19 68 138 25 5 31 20 4 10 109 177 14 4 14 31 2 45 256 82 16 1 13 15 7 12 140 15 0 2 2 3 0 4 7 26 11 8 37 1 2 2 28 10 2 1 0 3 1 0 23 10 8 1 4 4 2 5 26 14 2 6 3 2 0 0 1 2 1 2 1 1 0 1 3 7 2 0 0 1 1 0 5 4 1 0 1 1 0 0 6 17 2 2 2 0 0 5 9 38 15 0 13 1 6 4 20 12 1 0 0 4 0 6 19 8 5 1 5 7 2 0 25 15 1 1 1 2 1 1 8 16 1 0 4 0 0 3 15 37 4 0 3 25 1 27 28 17 1 0 3 5 2 7 41 1 0 0 0 1 0 1 1 4 2 0 6 0 0 0 12 6 0 0 0 1 1 2 3 6 3 1 2 2 1 4 29 26 2 2 1 3 1 4 7 11 2 0 1 1 0 2 14 57 8 3 3 31 1 33 35 7 5 0 5 7 4 8 28 71 5 4 2 3 1 9 61 178 22 7 15 18 3 12 181 166 8 9 16 50 7 32 215 155 28 5 30 40 20 39 432
482 23 10 10 8 4 22 44 151 34 8 42 9 6 14 96 119 23 6 48 22 7 31 325 46 15 1 15 14 3 7 137 20 6 3 4 1 3 2 10 27 24 3 20 2 2 7 36 8 2 1 3 2 2 4 23 13 4 0 9 4 1 4 44 11 3 1 1 0 0 2 2 7 4 1 3 0 0 0 2 5 1 1 5 1 0 6 7 6 1 0 2 0 0 2 5 15 7 1 7 1 0 3 7 55 70 5 30 4 2 4 46 7 4 0 4 3 1 8 40 15 4 1 8 7 3 3 55 16 3 3 2 3 0 2 3 36 4 2 10 6 1 5 19 17 7 1 3 5 2 12 31 9 4 3 3 5 1 4 38 9 0 0 2 1 0 0 4 7 2 0 2 3 0 1 3 2 1 1 1 3 0 5 7 4 6 0 2 1 1 3 15 9 1 1 2 2 0 4 7 29 9 0 6 2 0 4 22 29 1 0 5 11 3 11 21 5 3 1 6 3 5 4 34 28 5 3 6 3 1 4 17 235 35 9 47 35 9 27 156 68 16 6 20 23 7 30 139 87 49 5 38 32 19 45 494
447 6 6 7 4 2 10 89 161 18 2 12 14 0 6 98 142 25 5 26 7 5 26 695 86 17 2 9 2 2 6 247 8 1 0 1 0 0 0 5 23 21 0 27 1 1 1 35 9 3 0 1 2 0 2 19 8 1 1 2 1 1 3 26 14 0 2 1 0 0 2 0 3 3 0 2 0 0 2 1 4 0 0 0 0 0 1 3 0 1 0 1 1 1 0 1 16 0 2 1 2 0 1 6 52 41 1 33 4 2 5 30 13 1 0 2 0 0 1 22 10 3 1 1 1 0 1 28 12 1 2 1 3 0 1 1 22 0 1 1 2 1 2 11 19 1 3 3 7 1 15 31 15 1 0 0 1 0 1 17 3 0 0 0 0 1 0 1 3 2 0 3 0 2 0 2 1 0 0 1 0 1 1 3 5 1 1 0 0 0 0 13 15 0 1 0 1 0 1 4 25 6 0 4 0 1 1 3 28 2 1 0 22 1 22 14 9 2 1 0 0 1 2 19 51 3 2 3 2 3 4 26 435 58 6 47 23 5 28 152 96 7 3 12 29 0 22 130 131 34 3 25 28 24 23 328
476 7 16 10 26 3 13 55 123 13 12 49 13 2 21 165 128 10 6 8 14 2 20 98 93 5 2 11 6 5 14 185 20 4 6 0 5 0 3 6 20 18 7 55 6 0 4 48 13 2 2 1 6 2 5 9 13 2 0 5 5 1 3 31 23 1 7 3 5 0 5 2 5 2 1 5 2 0 1 4 10 3 1 1 12 1 2 8 4 0 0 3 1 1 2 5 15 6 5 0 0 1 3 8 21 11 1 13 1 1 4 23 18 0 0 1 4 1 2 5 16 3 0 7 5 1 2 34 14 2 3 0 1 0 4 5 8 4 1 4 1 2 5 16 24 5 2 1 14 4 7 16 15 5 1 8 4 8 4 40 6 0 0 2 1 0 0 2 13 2 2 5 2 0 0 9 4 1 0 0 1 0 2 4 9 5 1 6 2 3 5 25 22 3 2 1 4 1 3 2 14 2 0 3 0 0 0 11 44 9 1 3 61 6 20 16 16 6 0 9 8 3 8 41 51 6 5 6 6 2 3 31 123 29 8 28 16 8 19 139 195 21 7 15 49 11 34 168 178 39 16 48 65 46 53 530
445 6 11 12 15 0 11 120 133 25 10 52 10 2 25 479 105 9 2 6 17 3 19 218 74 17 3 15 12 3 11 398 37 3 2 1 5 0 2 6 37 8 3 35 5 2 6 58 17 2 0 2 2 2 2 9 7 3 0 4 4 1 6 29 15 1 1 1 0 0 2 1 2 2 0 2 0 0 1 4 11 0 1 0 3 0 0 3 2 1 1 0 0 0 0 4 20 3 1 1 2 0 1 3 26 9 0 11 3 1 6 27 24 4 1 1 8 1 6 11 20 4 2 3 3 4 2 18 14 0 1 3 3 0 3 1 10 2 1 6 2 1 3 24 17 0 1 1 7 1 4 12 11 7 0 7 3 2 5 30 3 0 1 1 0 0 0 2 5 1 3 6 1 0 2 7 8 1 0 0 0 0 2 3 5 2 0 2 1 0 2 9 12 1 1 0 2 0 1 4 11 0 0 2 1 0 5 21 35 7 1 2 17 4 7 20 11 7 1 8 3 2 3 37 47 3 4 7 9 0 5 39 98 21 3 22 10 0 17 132 240 26 9 25 57 14 27 130 94 42 9 47 32 8 29 326
457 8 9 17 16 4 23 78 128 24 6 23 9 4 13 184 158 11 6 13 38 7 45 285 68 16 1 8 11 7 8 187 9 1 5 1 2 0 1 4 19 18 4 45 4 0 3 22 8 1 3 1 2 0 4 23 11 6 2 2 0 1 2 22 15 2 3 2 2 1 1 2 6 0 0 1 0 0 0 2 10 0 1 0 5 0 3 7 0 1 0 0 2 0 0 9 24 0 4 0 2 0 2 7 39 14 3 28 4 1 3 13 11 2 2 0 4 0 3 16 6 1 1 3 1 3 4 28 14 1 2 1 1 0 3 5 17 1 0 4 1 1 1 14 32 2 2 0 25 3 9 38 8 8 0 6 1 3 4 44 3 0 0 0 0 0 0 2 6 0 0 4 0 0 0 6 6 2 0 0 4 1 3 8 3 1 0 4 0 4 2 30 16 0 0 5 2 1 2 10 12 3 0 4 2 0 1 8 45 8 1 1 34 6 22 42 19 3 1 4 5 2 3 42 86 4 1 3 6 1 12 41 179 25 5 34 16 3 11 152 220 9 2 11 56 9 29 204 173 26 6 26 39 21 31 372
455 11 7 3 7 4 7 29 129 12 2 16 10 0 6 50 117 14 6 19 14 5 15 259 63 17 4 10 6 1 10 102 26 1 2 1 2 0 1 6 38 12 2 14 9 3 6 11 20 7 3 5 3 0 5 14 19 5 1 4 3 2 2 27 12 3 0 0 1 0 0 1 7 2 1 2 0 0 0 0 4 1 0 1 4 1 3 2 3 0 1 3 0 1 0 2 31 2 4 0 2 0 3 4 55 37 3 21 4 2 6 16 20 2 0 3 3 0 2 13 16 7 4 8 5 7 7 35 12 2 2 1 2 0 1 5 28 2 1 4 5 0 1 13 16 5 0 3 4 2 3 11 20 6 1 3 1 1 4 33 7 2 1 0 1 0 3 1 9 2 2 0 1 1 0 8 7 2 0 3 2 0 0 4 13 5 1 5 3 1 1 13 18 0 1 2 1 1 2 4 22 8 2 1 5 2 2 11 28 7 1 3 6 0 9 18 26 5 0 4 5 0 7 37 57 9 7 8 9 3 9 17 291 60 10 72 36 11 22 151 101 25 6 26 24 7 31 109 247 89 17 87 55 32 63 599
469 21 13 16 20 6 26 102 199 37 8 51 8 4 8 180 139 18 9 20 32 3 35 369 112 16 3 22 13 8 15 311 11 2 3 1 1 1 5 7 23 16 4 40 4 1 3 41 4 2 1 1 3 1 5 16 13 6 0 2 2 0 5 62 8 1 6 1 2 2 2 4 3 0 0 3 0 1 0 7 1 0 0 0 7 0 3 4 1 1 0 0 5 0 0 13 14 1 3 7 1 0 1 7 18 12 3 26 3 3 6 39 3 0 1 1 3 0 2 21 9 3 0 6 3 6 3 41 5 1 1 1 2 0 0 6 8 2 1 9 2 0 3 14 11 4 0 3 16 1 40 29 8 6 3 6 1 3 0 39 2 0 1 0 0 0 0 0 2 3 0 4 0 2 0 18 0 0 0 0 2 0 0 1 2 0 0 3 1 5 3 23 14 3 1 3 0 0 3 4 8 3 0 1 2 0 2 14 28 4 2 3 49 3 23 23 8 6 0 5 3 2 4 42 32 5 2 2 4 0 4 48 147 19 4 27 16 2 13 193 58 8 0 10 15 7 14 132 87 18 0 31 19 19 16 447
443 18 6 10 8 5 10 110 159 28 0 29 10 4 6 143 191 14 7 21 29 9 59 428 75 10 1 7 5 2 8 241 9 3 1 0 2 1 1 9 29 15 1 23 1 0 0 37 7 0 1 1 0 0 3 15 9 7 0 4 1 0 2 26 4 1 2 0 0 0 3 0 6 0 1 1 2 0 0 5 5 1 0 1 1 1 1 6 4 0 0 1 1 0 0 12 16 2 1 5 0 0 3 9 35 17 2 11 3 2 2 32 10 2 0 2 3 1 2 19 9 1 0 1 4 1 1 21 16 1 0 0 1 0 4 6 16 1 2 3 2 0 3 10 42 2 0 2 16 0 33 30 15 1 0 3 2 2 3 31 0 0 0 1 1 0 1 0 4 0 0 1 1 0 2 6 2 0 0 0 1 0 1 3 5 5 0 1 1 1 2 9 14 0 0 2 0 0 1 5 15 2 0 3 0 0 0 12 39 1 1 2 25 2 19 36 12 2 1 4 6 1 4 19 90 4 1 5 6 1 5 48 350 24 4 32 19 4 13 170 127 11 1 10 30 2 21 181 191 19 9 18 21 18 20 301
426 11 7 9 8 0 10 110 182 26 0 20 12 3 5 142 195 18 2 19 19 1 38 361 133 7 2 6 8 3 6 220 16 3 0 2 1 0 1 5 23 12 0 15 0 0 3 26 6 2 0 1 1 1 7 22 7 4 0 2 3 0 2 28 13 1 5 0 0 0 1 2 2 1 3 3 2 0 0 3 2 0 0 1 0 0 3 2 2 1 1 0 2 0 0 4 7 2 1 1 1 0 3 10 19 14 2 19 2 3 0 34 9 2 1 0 1 1 4 17 5 2 0 5 2 1 1 25 6 0 0 0 3 0 0 6 19 1 0 3 1 1 0 12 21 1 0 1 53 2 41 34 11 1 0 9 4 1 3 32 2 0 1 1 0 0 0 1 2 2 0 1 0 0 0 5 1 1 0 0 2 0 1 6 2 2 0 0 3 1 0 27 13 0 2 1 1 0 2 7 15 1 1 4 1 0 1 10 26 1 0 2 53 2 57 31 15 1 0 0 1 3 4 23 87 9 6 5 13 2 7 24 275 32 8 26 16 3 17 155 122 13 2 8 26 1 30 183 207 35 5 27 31 15 29 385
477 21 30 21 19 2 38 69 141 29 6 32 12 5 13 133 98 13 10 20 37 4 59 215 59 19 3 11 14 3 13 176 11 2 1 2 3 1 3 2 26 30 6 116 4 4 5 45 6 3 1 1 3 0 2 12 9 6 0 3 5 2 2 52 24 1 13 5 4 0 5 3 6 4 1 5 0 0 0 6 6 0 0 1 10 1 2 5 0 1 0 2 3 0 1 7 8 3 3 1 4 2 1 5 21 45 2 33 0 1 1 35 4 3 1 3 9 2 4 20 10 3 1 3 1 3 1 36 21 4 1 5 5 0 7 3 8 3 2 4 4 1 0 17 48 0 6 3 72 6 108 47 12 3 0 1 10 7 9 50 0 0 0 0 2 0 1 1 1 2 0 6 0 1 0 4 0 0 2 2 3 0 7 9 2 3 0 8 1 9 8 47 21 1 5 3 8 0 11 3 13 2 1 4 1 2 2 8 32 4 2 3 145 14 104 49 6 2 0 2 9 6 6 38 22 3 3 3 3 3 10 25 79 26 1 27 6 4 13 143 52 4 3 7 40 4 38 129 60 16 4 22 19 31 39 372
485 13 22 15 15 6 20 115 175 22 4 43 26 5 21 300 173 16 4 12 17 3 40 163 106 12 6 17 20 7 26 220 13 3 1 1 2 0 4 5 24 4 0 11 2 0 3 39 20 1 2 2 0 0 4 18 12 3 0 6 1 0 6 34 9 1 1 0 2 1 3 3 3 2 1 0 1 0 1 10 6 1 0 0 1 0 1 11 1 1 0 0 0 0 2 7 6 1 1 1 2 0 0 3 17 10 1 6 2 1 1 29 12 1 3 3 4 0 1 8 8 1 1 3 4 1 6 32 11 2 2 1 1 0 4 9 4 3 1 4 2 1 3 10 30 4 2 6 13 1 22 29 7 5 0 2 5 1 2 42 0 1 0 0 0 0 1 1 6 0 0 1 0 1 2 7 6 3 1 1 2 0 1 7 3 0 1 3 0 1 4 25 12 0 3 1 2 1 3 10 6 5 0 6 2 0 1 26 25 3 2 0 33 4 21 35 8 4 0 1 1 3 2 28 62 2 0 8 4 1 5 50 108 18 1 26 11 5 13 198 227 25 3 16 35 6 27 197 138 26 5 31 23 15 37 393
463 6 6 15 7 1 7 50 260 10 4 13 8 1 4 46 270 25 3 23 11 0 9 233 154 16 0 7 2 1 5 108 5 1 3 0 0 0 4 11 24 5 1 11 1 1 4 19 8 4 0 3 3 4 3 14 10 1 3 2 1 1 1 26 5 0 0 1 1 0 3 3 10 3 1 1 1 0 1 1 5 0 1 1 0 0 1 8 7 2 1 0 0 0 0 3 7 3 0 1 2 1 1 11 25 8 2 6 0 1 1 20 9 3 0 3 1 1 2 21 10 5 1 3 1 3 3 32 12 0 0 1 0 0 1 7 28 1 0 1 4 1 1 7 17 2 2 1 7 0 13 15 12 0 0 4 2 2 2 16 3 0 0 1 0 0 1 4 7 3 1 3 1 0 1 7 4 2 1 0 1 0 0 9 4 1 1 0 1 1 0 15 10 1 0 3 0 1 2 5 28 3 0 0 2 0 1 12 7 2 2 2 7 2 9 19 8 3 2 0 3 0 3 12 97 7 5 6 9 2 12 59 438 28 4 40 22 4 20 205 115 17 5 17 25 3 24 203 249 30 7 40 36 18 48 495
468 15 22 15 22 2 18 39 117 28 7 42 9 1 12 125 138 12 8 12 36 4 51 200 57 8 3 8 11 1 5 74 17 3 2 4 3 1 0 4 36 56 4 77 2 1 5 43 11 1 3 1 4 1 5 13 13 11 0 3 6 3 2 36 23 2 4 3 3 0 9 2 8 3 1 0 1 3 2 7 6 1 3 2 3 0 4 6 1 1 2 3 2 0 2 4 18 7 6 8 2 1 1 8 41 34 5 44 5 4 6 36 7 3 4 3 5 1 1 17 11 8 2 7 5 2 3 39 12 2 3 0 4 0 8 5 11 6 3 6 1 2 0 7 35 3 2 7 49 5 46 52 12 6 1 3 11 7 11 47 3 0 0 0 1 0 1 0 6 4 1 5 0 0 0 3 4 2 0 3 6 1 3 4 7 3 0 1 7 7 4 35 24 3 6 3 8 1 8 4 17 3 2 9 1 2 6 15 44 7 3 6 60 1 57 47 3 2 1 1 5 5 10 38 46 5 3 5 3 2 7 28 121 33 8 47 9 7 7 145 107 9 7 13 46 6 52 200 84 40 4 43 41 25 44 386
431 12 9 12 19 1 25 80 100 12 2 36 8 1 12 117 153 8 4 11 56 5 58 380 68 13 3 11 5 3 12 162 11 3 1 0 1 0 4 3 24 8 4 55 5 1 3 37 7 0 1 0 1 1 4 13 5 1 0 3 1 3 1 22 14 0 0 1 0 0 2 1 4 2 0 1 0 0 1 1 9 2 1 0 10 0 1 4 1 0 2 1 0 1 2 1 12 1 0 0 1 0 2 2 17 8 1 4 1 0 6 17 14 4 3 0 6 0 5 9 12 0 1 2 3 1 1 21 13 1 4 2 1 0 2 4 13 2 1 5 3 0 1 5 30 2 1 3 19 2 31 55 13 5 1 1 3 4 3 35 4 1 0 0 1 0 0 0 4 0 1 6 0 0 0 4 6 0 0 0 4 0 2 6 6 1 0 1 0 2 2 16 7 1 0 1 5 0 2 5 17 1 0 3 2 2 1 10 53 8 0 5 81 4 23 40 19 1 1 5 7 5 5 45 108 2 2 5 6 1 5 36 366 15 6 19 9 6 15 120 193 9 3 20 76 7 35 150 251 20 4 23 18 20 35 315
443 23 15 28 19 6 33 116 87 32 5 56 13 4 10 316 108 9 7 13 33 3 79 221 24 7 1 10 3 5 6 250 21 1 3 1 2 0 2 7 42 32 1 57 2 3 2 51 5 1 0 0 2 0 4 14 7 1 2 3 5 2 3 55 11 3 2 1 3 0 3 4 4 4 0 2 0 0 1 6 7 0 0 1 5 0 2 7 2 0 0 0 2 1 2 7 23 1 1 3 5 0 4 3 36 42 5 38 4 5 3 36 13 0 0 1 8 0 3 11 6 2 0 3 3 1 3 30 12 0 2 4 2 0 6 3 8 0 0 8 2 2 2 11 31 3 2 4 45 1 115 74 13 3 0 6 1 2 8 53 1 0 1 0 0 0 0 0 3 2 0 4 0 0 2 10 5 1 0 0 2 0 3 9 6 3 1 1 2 2 2 34 17 0 4 3 1 1 3 3 9 6 0 4 0 1 1 10 61 2 1 3 73 3 62 49 8 3 0 7 4 0 2 39 57 3 1 4 5 0 5 37 102 38 5 29 6 2 7 101 179 12 4 10 58 6 35 112 105 22 4 20 29 17 18 240
452 14 18 23 32 5 25 59 88 40 10 78 18 10 27 299 91 11 7 12 30 4 31 79 23 13 1 10 3 5 4 138 25 3 2 3 10 1 5 4 38 28 18 67 4 2 7 84 13 1 0 6 2 1 5 12 11 3 1 3 6 4 5 44 22 1 1 0 5 1 1 1 4 3 1 1 0 0 0 6 17 4 0 0 12 3 4 10 1 1 0 1 1 1 0 7 17 1 2 3 7 1 6 8 39 34 0 30 2 1 1 43 22 3 1 0 7 4 4 16 10 6 0 5 4 1 5 52 23 1 2 3 8 0 5 2 7 1 3 7 3 0 6 20 36 5 4 5 17 1 28 24 6 6 1 11 3 2 4 38 5 1 1 0 1 0 1 0 5 6 2 17 0 0 2 11 7 0 0 1 2 0 3 1 6 1 1 6 2 3 5 20 28 1 4 1 4 0 5 2 19 4 1 3 2 0 5 14 62 8 2 9 59 11 22 44 11 5 3 9 4 8 6 56 51 5 2 1 10 0 6 16 107 28 6 29 10 3 6 106 219 24 8 19 62 14 40 112 97 27 5 52 41 23 42 362
480 16 23 9 19 3 18 56 121 24 10 36 23 1 18 160 165 12 7 19 21 3 34 232 75 20 1 15 14 9 11 167 20 3 3 1 6 1 5 4 32 20 8 53 4 1 4 28 20 0 0 2 6 0 3 21 19 5 1 2 0 2 2 28 28 2 3 3 2 0 4 1 6 0 0 0 1 0 2 4 10 2 1 0 3 3 1 2 3 2 0 0 0 0 0 4 19 1 3 4 2 0 0 4 30 18 2 25 3 1 3 21 21 3 0 3 7 1 3 22 10 2 0 5 2 2 1 30 10 1 1 0 4 0 2 8 12 4 0 3 1 0 3 10 41 4 1 3 24 1 25 32 14 5 1 5 7 3 0 35 2 1 0 0 0 1 0 2 4 1 1 3 0 2 2 4 1 1 0 0 2 1 0 5 10 2 1 5 4 8 2 29 18 0 4 3 2 1 0 5 17 4 1 1 0 2 5 13 46 7 2 4 36 2 26 33 18 4 1 3 6 1 4 33 57 6 3 1 8 1 4 51 147 14 4 27 11 6 12 178 158 14 1 19 44 8 44 224 121 40 4 28 25 20 29 433
476 7 19 11 17 3 13 97 117 27 7 13 8 2 5 70 138 16 6 20 24 4 26 408 65 10 1 9 7 1 6 232 17 3 2 2 2 0 3 5 13 55 1 85 3 2 4 26 7 2 0 1 1 1 5 13 4 8 2 4 4 6 2 23 36 4 22 1 2 0 3 1 6 4 0 2 1 0 0 2 9 1 0 2 0 0 1 2 1 1 0 0 2 1 1 7 10 2 3 3 0 1 2 3 27 48 5 64 3 7 0 31 8 2 2 1 4 0 5 22 8 7 0 4 4 2 2 18 15 2 2 2 3 0 2 3 17 3 1 4 2 1 3 7 19 1 5 6 44 2 48 27 15 2 1 3 6 4 5 20 1 0 0 0 2 2 1 1 1 1 0 6 2 1 3 3 3 1 0 2 3 1 3 7 3 4 1 5 1 12 2 37 12 3 3 1 5 0 4 11 15 0 0 4 3 0 4 9 25 5 2 6 76 4 61 25 10 1 1 1 3 6 10 26 92 6 3 3 5 2 6 37 303 30 2 25 15 3 15 105 49 13 3 6 35 3 27 169 156 14 2 23 25 32 25 324
468 16 36 19 18 9 20 59 112 22 10 43 12 2 17 136 111 10 6 5 31 3 45 140 51 7 4 12 12 2 10 95 19 2 0 5 0 2 3 7 34 50 2 66 2 4 3 39 6 2 0 3 4 0 4 11 9 11 0 4 6 14 3 44 31 2 13 5 0 2 3 8 5 5 3 3 1 0 1 9 9 1 1 1 1 1 3 9 6 3 0 0 2 0 0 8 24 2 7 12 1 0 2 3 48 35 4 48 1 0 4 35 11 0 2 3 4 0 6 8 7 4 1 6 0 0 3 27 9 0 2 2 0 0 5 8 9 3 3 5 1 0 2 10 35 3 7 7 61 2 95 61 16 5 1 2 5 4 6 32 4 0 0 1 0 0 1 0 8 1 0 2 0 3 2 6 1 0 1 2 2 1 5 10 12 7 0 4 5 4 2 35 24 2 7 2 5 1 6 8 11 2 0 3 2 1 0 10 34 3 7 3 73 3 96 49 6 3 0 6 8 3 8 27 60 5 2 4 4 0 13 20 176 43 8 40 7 7 12 145 94 18 5 7 47 10 37 169 103 45 5 28 30 30 37 369
477 18 6 15 20 2 16 79 124 21 15 52 13 4 27 394 131 20 5 13 31 5 31 140 57 18 4 19 24 4 11 170 22 2 2 3 2 0 6 6 29 16 9 34 3 2 1 48 13 0 1 1 6 0 3 18 14 10 2 6 2 4 6 40 10 2 1 1 3 0 1 2 9 3 0 1 2 0 2 9 9 1 1 3 3 1 3 4 3 1 0 0 3 0 3 7 25 2 2 1 4 1 6 4 24 32 2 16 7 2 3 25 23 2 2 2 4 1 1 18 11 0 2 4 5 0 8 44 15 2 2 1 8 0 0 5 14 1 1 3 0 0 4 15 23 2 0 5 15 1 13 21 10 5 1 1 5 1 2 27 3 0 0 0 2 1 1 1 6 1 1 8 0 0 1 8 4 0 1 2 2 1 4 6 1 4 1 7 2 1 2 34 18 2 1 2 2 0 2 5 17 3 1 5 1 1 1 18 43 7 5 5 38 5 8 31 14 3 2 8 4 5 3 51 44 4 3 5 4 2 9 32 86 22 2 23 14 4 19 157 238 18 4 12 47 6 28 182 88 29 5 37 25 24 31 388
430 11 8 11 12 2 13 65 171 35 9 40 6 2 5 59 111 15 4 16 20 6 11 250 93 14 0 12 4 3 5 104 16 1 4 3 5 0 2 7 24 17 5 56 3 3 12 40 10 2 1 3 1 1 2 18 6 3 0 7 2 4 5 38 10 3 1 1 1 0 1 4 2 2 1 4 0 0 1 4 4 3 0 1 5 0 3 7 0 0 0 1 0 2 1 6 22 0 2 3 2 1 1 7 15 5 1 18 4 1 4 54 7 0 0 1 8 0 0 21 8 4 1 7 5 1 5 50 14 0 1 3 1 1 1 2 16 4 3 2 1 0 1 15 11 3 1 3 9 3 6 14 13 3 0 11 1 2 2 19 2 1 2 0 0 0 2 3 4 1 0 3 1 1 1 8 1 1 2 0 1 0 3 5 2 1 0 3 1 1 2 30 15 0 1 1 3 1 2 4 14 2 1 3 0 0 1 17 29 5 3 3 63 4 12 24 16 6 1 2 5 8 4 29 118 7 4 3 6 4 7 18 392 28 6 31 20 9 18 139 147 11 6 22 38 6 31 128 323 46 11 43 43 24 45 424
455 16 18 19 18 2 32 129 108 41 7 42 15 3 14 373 125 17 3 16 24 8 31 242 35 7 0 7 10 3 10 318 22 2 0 3 0 0 2 8 38 28 1 36 3 3 1 42 13 0 1 2 5 0 1 9 7 2 0 2 3 3 2 31 19 2 8 5 1 0 5 3 6 3 0 3 0 1 0 2 8 0 2 2 2 0 4 8 2 1 0 3 1 1 0 5 22 2 4 2 1 1 2 6 41 41 1 28 5 2 2 34 16 2 0 1 5 0 3 9 9 6 2 4 0 2 2 25 17 1 1 1 1 0 2 7 11 1 0 5 1 1 1 16 21 3 4 2 18 1 40 36 6 4 1 1 5 2 2 37 2 0 0 0 0 0 0 0 4 2 1 5 0 1 0 8 6 1 0 0 3 0 2 11 2 2 0 1 1 3 1 26 22 0 3 4 3 0 3 10 12 3 0 4 0 0 1 8 41 0 5 4 57 5 25 27 7 2 2 2 1 4 5 35 68 6 2 5 8 0 7 34 148 40 3 34 10 3 12 122 206 11 3 9 43 7 33 115 129 24 0 25 23 20 23 265
481 11 17 16 22 6 20 58 139 26 7 27 12 2 17 224 169 21 10 13 42 5 56 188 83 14 3 21 22 5 22 177 13 0 0 0 3 0 3 4 28 14 8 27 2 1 8 23 14 2 1 2 2 0 3 19 12 2 1 2 3 1 4 22 12 1 2 1 4 0 1 2 3 1 1 0 1 0 0 2 13 2 1 1 2 2 2 5 3 0 0 1 1 1 0 7 20 2 0 4 9 0 3 10 32 13 3 16 3 2 2 18 11 2 0 2 6 1 2 22 15 2 0 1 2 2 1 17 14 3 3 0 2 1 4 11 9 3 3 2 2 1 1 15 28 3 2 2 29 2 37 36 17 4 1 1 5 5 0 40 3 0 0 0 0 1 0 0 6 1 0 2 0 0 0 6 3 0 0 0 3 1 2 4 8 1 1 4 2 2 1 22 22 2 1 2 1 1 3 6 18 2 1 5 2 0 2 14 59 3 0 3 23 2 29 53 19 4 1 3 3 2 3 30 62 2 3 6 5 0 6 41 136 16 3 14 11 4 6 199 211 13 5 17 45 10 26 224 120 26 5 25 30 16 31 408
454 14 10 11 34 8 24 101 93 20 6 41 20 2 15 368 144 14 4 12 36 5 52 152 47 11 2 13 14 4 18 246 24 4 8 3 6 0 4 5 23 25 18 67 2 2 0 30 12 1 0 2 1 2 6 18 10 2 1 2 1 1 3 31 10 0 0 2 3 0 2 2 5 3 3 0 2 0 1 2 8 1 2 0 8 3 5 5 0 2 0 0 2 0 0 7 20 1 2 4 3 1 2 3 23 57 2 26 1 1 3 27 14 0 1 1 4 1 6 16 4 3 1 1 2 2 5 29 16 0 1 5 6 1 3 10 14 5 1 5 4 0 3 15 42 2 1 3 22 3 47 33 8 5 1 6 2 0 3 38 2 0 0 0 2 0 1 1 1 5 0 9 0 1 3 10 9 0 0 0 1 0 6 6 2 2 0 5 0 6 1 20 24 3 0 1 4 1 0 4 14 3 1 4 2 1 2 13 72 5 3 2 43 15 29 46 7 4 4 4 7 5 5 50 47 5 3 3 9 0 10 23 92 16 3 15 10 2 10 120 208 14 8 15 78 15 45 161 86 22 7 34 21 21 30 297
447 24 22 20 27 5 26 118 83 27 8 43 13 6 10 328 98 8 7 14 37 3 76 270 23 8 1 6 7 3 4 267 17 0 3 2 3 0 2 4 35 23 1 39 1 3 8 39 9 1 2 3 1 1 6 24 4 5 1 2 0 3 2 40 15 0 6 1 2 0 0 2 5 2 0 3 0 1 0 6 5 2 0 0 2 1 6 6 0 1 0 1 0 0 2 13 22 1 1 3 2 0 1 6 52 21 1 26 3 3 3 23 17 1 1 2 12 0 2 15 9 3 3 5 3 3 9 31 27 1 0 1 3 0 5 15 11 1 0 7 1 2 3 13 34 4 6 3 22 1 52 82 12 2 0 5 1 1 5 45 2 0 1 2 0 1 0 3 6 0 1 4 1 0 0 7 6 0 0 0 4 3 2 10 3 1 2 1 3 1 2 21 19 3 2 2 3 0 6 6 13 5 1 5 1 1 2 15 51 3 2 2 43 5 31 40 10 3 0 6 5 4 6 39 74 7 2 8 5 0 3 21 185 38 3 25 19 7 16 96 176 21 5 13 37 8 26 117 102 19 7 33 19 13 26 253
453 11 13 19 26 4 26 111 135 27 9 35 18 4 19 300 121 14 5 8 38 1 32 171 60 10 1 10 7 4 11 269 21 1 1 4 1 0 2 5 27 23 6 63 4 1 2 22 17 1 1 1 2 1 3 11 12 0 0 3 1 3 4 28 24 2 2 2 2 0 4 3 2 1 0 3 1 0 1 6 8 0 1 0 5 0 4 4 2 0 0 2 1 1 0 8 25 6 2 2 2 0 2 10 35 24 4 14 4 3 1 21 24 2 0 4 3 2 4 7 9 5 1 2 3 1 3 16 14 2 0 4 3 1 1 9 14 4 1 2 1 0 2 24 28 3 1 0 28 1 31 26 9 4 1 1 4 0 4 38 3 0 0 2 0 0 0 3 0 2 0 7 1 0 2 8 1 1 2 0 4 0 2 3 6 0 1 4 4 4 2 23 21 1 3 1 3 1 1 4 12 1 0 0 2 1 3 18 38 10 1 0 53 4 35 31 8 2 0 5 2 3 14 35 70 3 2 5 6 1 3 35 132 23 6 13 7 2 17 135 246 20 1 23 47 7 37 179 143 34 2 27 28 23 24 326
467 22 12 29 14 4 14 64 140 41 5 32 18 5 11 120 101 24 4 27 22 8 29 367 63 16 9 19 8 1 9 150 22 8 0 2 2 0 2 5 24 16 2 10 5 1 6 41 13 4 2 8 2 1 4 35 12 4 2 8 6 2 11 51 8 2 0 0 0 3 1 1 5 0 0 1 0 1 3 6 4 2 1 1 2 2 1 11 4 1 0 3 1 2 1 13 13 2 0 4 2 0 1 4 52 35 2 11 7 2 3 36 15 4 2 1 1 0 4 22 10 5 0 5 7 8 6 57 15 4 0 2 4 1 2 5 19 9 0 2 2 1 1 23 19 2 1 6 5 0 9 38 11 7 1 3 7 3 4 36 4 1 1 1 0 0 0 2 3 2 0 3 0 0 1 2 5 0 1 0 1 0 2 7 4 3 2 2 2 0 3 13 10 2 1 1 0 3 4 5 18 8 3 5 4 0 1 14 16 7 0 3 6 2 10 21 9 6 0 8 2 1 1 25 35 7 0 7 6 2 7 13 346 56 4 40 24 5 22 177 58 11 4 22 18 3 18 150 111 53 11 49 37 19 50 424
452 13 10 10 19 0 16 44 115 30 4 52 14 4 19 199 109 17 9 15 19 1 20 100 42 12 3 9 9 2 17 131 25 3 0 3 2 0 1 3 44 13 2 30 1 0 4 55 10 4 0 5 6 2 3 16 14 3 1 4 1 5 1 27 12 0 4 1 0 0 1 2 5 5 2 1 0 0 0 3 4 0 0 1 4 0 1 5 2 0 0 0 0 0 0 3 25 0 0 3 1 0 1 4 63 27 2 22 4 1 1 31 9 0 2 2 4 0 4 20 18 7 0 6 4 0 4 33 27 3 2 0 2 0 0 2 16 2 0 6 2 1 0 15 18 0 0 2 11 2 13 25 12 3 3 4 4 0 4 28 4 1 0 0 0 0 3 1 5 1 1 1 0 0 1 11 3 0 1 0 2 0 3 2 9 5 0 6 3 3 2 14 22 1 1 2 0 1 3 6 22 4 0 8 5 1 3 8 69 9 1 9 11 1 17 20 13 4 3 6 6 0 4 24 83 10 5 12 3 1 6 37 249 49 9 40 22 8 14 154 276 19 8 17 67 4 26 142 257 55 16 43 57 24 40 375
461 10 18 13 23 3 14 59 130 28 10 41 17 3 32 187 130 9 7 9 25 2 29 93 62 10 6 16 12 1 7 133 22 1 3 1 7 0 3 13 34 15 2 33 3 2 8 59 15 1 0 1 5 3 2 12 6 8 2 9 2 2 0 30 14 3 3 0 1 0 0 2 9 4 0 4 0 0 1 2 6 2 0 0 2 0 2 2 4 3 1 0 1 0 3 2 20 1 2 4 4 0 2 9 56 13 3 18 1 1 6 24 27 0 1 4 7 0 2 18 17 3 0 8 3 1 4 36 22 5 1 1 4 0 1 2 12 5 2 9 1 0 0 30 33 3 0 5 12 2 10 16 18 7 0 4 2 3 2 38 1 0 0 0 0 0 0 3 5 1 2 7 0 0 1 10 5 0 1 1 0 0 1 2 8 2 0 3 0 2 3 14 23 1 2 0 3 1 2 3 15 0 0 2 0 0 1 12 56 9 2 4 21 4 22 29 18 3 0 8 7 2 4 40 75 8 2 9 6 2 8 33 166 38 10 33 10 9 17 151 215 26 9 17 68 13 42 138 257 41 13 61 53 20 43 380
486 9 13 11 17 4 19 36 181 12 5 17 16 3 19 41 214 36 7 37 22 5 23 367 118 21 3 17 14 4 10 108 8 1 3 1 3 0 1 7 10 26 2 41 1 0 2 19 11 1 0 3 3 2 7 20 6 8 0 1 0 2 3 21 13 0 7 1 3 1 1 1 5 0 1 1 3 0 0 4 1 1 0 2 2 0 3 7 3 1 0 3 0 0 1 10 6 1 0 2 1 0 3 5 22 26 2 24 2 0 2 14 5 0 2 4 1 0 3 34 4 2 3 4 1 1 3 27 13 3 1 2 4 0 2 8 33 1 0 2 2 1 2 10 13 0 0 0 25 2 30 39 13 3 0 0 11 2 3 23 3 0 0 1 1 0 0 2 0 1 0 4 1 0 0 6 0 0 0 1 2 1 2 7 3 3 0 1 3 4 6 32 16 1 2 3 3 0 6 3 24 2 0 0 1 1 2 11 23 3 3 4 44 4 33 43 8 4 3 7 5 6 5 45 54 5 1 2 3 2 9 55 323 22 3 13 28 2 20 199 86 5 2 5 29 8 23 201 139 16 6 20 30 22 32 460
464 20 26 20 17 1 20 63 160 34 3 24 11 3 16 78 171 32 6 23 29 4 35 340 74 7 1 19 16 4 14 173 10 5 1 0 1 0 1 4 21 27 3 17 4 2 2 26 9 0 0 1 7 1 2 23 12 4 0 5 4 4 9 34 16 6 6 8 2 0 7 3 6 6 0 1 2 0 4 4 7 0 2 0 2 1 1 8 6 1 0 0 1 0 0 6 17 1 2 4 2 0 4 9 47 59 3 47 4 4 5 45 3 2 0 2 4 0 4 23 3 4 0 3 1 5 7 34 15 3 1 1 2 0 0 4 24 4 1 6 3 2 1 12 22 3 1 6 14 1 51 56 16 1 0 3 5 2 5 38 3 0 0 0 0 0 1 0 4 0 0 0 0 0 2 3 1 0 0 0 1 0 4 10 4 2 0 2 1 6 7 36 22 0 1 5 1 2 3 6 26 3 2 1 1 0 0 8 18 2 5 3 17 2 33 31 7 3 1 3 1 2 3 26 50 4 3 2 5 1 6 29 262 34 4 35 14 5 20 136 62 8 3 13 31 6 36 188 110 30 0 25 27 23 15 443
513 13 33 19 19 0 18 31 159 15 11 30 9 5 16 53 125 22 6 19 22 4 23 235 44 6 2 10 4 2 7 46 31 3 3 4 5 1 2 3 24 37 11 192 0 1 4 37 10 2 0 1 3 2 4 12 11 3 0 4 1 1 3 19 25 4 12 8 1 0 8 3 4 6 0 3 1 0 0 3 6 1 0 0 6 1 3 5 2 2 0 0 0 0 1 1 21 1 2 6 1 0 4 5 44 38 5 60 2 1 1 21 11 6 1 3 5 1 4 24 4 6 0 5 3 4 5 20 11 1 4 2 0 2 5 3 25 2 2 10 0 1 2 5 18 4 3 6 54 8 59 37 12 3 0 4 4 6 3 19 3 0 0 0 0 1 1 1 3 1 0 13 2 0 0 7 6 2 1 0 0 0 11 11 3 8 1 7 4 11 6 48 19 1 2 0 3 1 5 3 17 2 1 3 2 0 5 7 46 7 3 4 118 4 66 38 9 7 0 4 3 6 7 24 57 5 6 7 5 0 7 34 263 44 4 31 29 3 16 139 82 12 2 11 68 7 50 145 119 25 6 33 26 27 33 305
462 15 10 21 22 5 13 52 157 26 4 41 18 11 20 203 136 13 1 14 28 3 34 113 71 16 2 22 13 6 16 119 30 2 1 3 3 1 6 5 22 10 1 10 6 3 3 37 24 2 1 0 4 1 3 17 22 5 1 1 1 1 3 40 15 1 1 2 1 1 2 1 3 4 1 2 0 0 4 10 6 0 0 0 3 0 2 7 5 0 0 3 3 0 0 7 20 2 0 2 0 2 2 5 30 8 0 5 3 1 7 33 38 3 1 6 6 2 6 18 11 3 2 6 1 2 4 40 17 4 1 3 5 0 1 8 19 4 1 6 6 0 1 18 23 5 5 6 13 2 7 20 16 2 2 6 3 1 7 37 9 0 1 0 0 0 0 0 7 4 1 3 3 0 1 11 7 1 0 1 2 3 1 6 4 2 0 4 5 1 1 24 22 0 2 4 3 2 2 6 15 5 1 5 3 3 5 10 37 8 3 3 15 3 13 28 15 2 0 6 10 5 8 61 61 6 1 5 9 0 5 34 125 34 4 31 14 7 19 184 212 26 5 21 39 8 23 166 202 38 5 45 34 17 50 464
461 16 20 20 19 3 16 71 122 17 2 34 9 1 7 105 105 23 13 17 20 3 21 300 60 14 2 11 9 0 5 203 15 2 1 5 2 0 3 6 24 49 3 16 3 2 4 34 9 7 0 5 2 1 3 21 12 4 0 5 3 5 4 47 16 3 11 2 2 1 3 1 7 8 0 4 2 1 0 5 4 0 0 1 5 0 1 5 0 1 0 1 2 1 3 8 12 2 2 3 0 0 0 10 47 87 1 62 8 4 6 48 7 5 1 2 2 2 2 19 10 1 2 12 5 7 8 44 12 1 3 4 1 1 2 5 23 4 1 3 2 1 1 12 16 0 4 5 34 2 88 31 6 4 3 0 9 3 3 29 5 1 0 0 0 0 1 1 1 2 0 3 1 1 1 8 3 1 0 1 2 1 5 7 3 4 0 2 1 9 5 33 26 3 2 3 2 0 4 6 18 7 0 7 0 0 1 14 28 1 2 5 19 2 38 25 9 3 2 3 0 2 6 38 64 10 2 4 6 1 5 21 299 50 7 28 22 6 17 127 65 11 2 11 33 9 26 113 115 45 6 37 23 16 32 410
447 20 15 18 18 3 22 69 128 35 7 36 10 3 11 101 95 17 5 23 23 7 38 349 42 8 4 14 8 4 11 111 14 3 2 1 5 0 1 9 32 21 4 49 2 2 5 29 10 1 2 2 4 1 3 19 7 2 0 3 1 4 2 19 20 3 1 0 3 0 2 4 9 2 0 1 1 0 1 2 5 1 0 0 10 0 7 11 2 2 0 0 2 1 2 6 28 3 1 0 7 0 4 7 55 54 4 30 3 3 8 25 12 3 2 1 4 2 3 18 11 2 1 5 2 3 3 20 19 1 2 3 5 0 1 6 17 9 0 4 2 0 2 10 28 4 6 2 24 7 30 44 5 5 0 4 3 2 4 25 6 2 1 0 0 0 0 2 4 2 1 8 1 0 1 8 6 0 2 1 2 0 1 9 6 3 1 4 3 3 3 24 24 2 2 1 1 1 4 6 24 6 3 4 1 0 5 11 36 5 2 3 72 7 30 47 10 5 0 3 4 2 7 39 87 4 0 5 7 2 7 18 366 59 9 26 16 8 23 108 126 12 4 11 34 9 38 116 131 41 7 40 30 39 38 310
464 20 35 21 15 9 15 45 103 26 7 44 12 7 17 139 116 9 5 15 30 3 47 141 51 10 1 11 5 4 8 92 21 2 2 5 0 2 2 10 29 40 6 64 5 2 1 39 9 2 0 0 3 0 4 18 13 6 0 5 3 1 3 32 24 4 9 4 5 0 5 7 10 3 1 3 0 1 1 4 9 0 1 0 6 2 8 8 3 1 0 2 1 0 0 3 24 4 9 6 3 0 2 4 41 41 3 59 4 4 2 37 14 3 0 3 5 0 3 15 13 6 0 6 3 4 1 32 18 2 0 0 6 0 7 2 4 1 0 6 4 1 3 10 31 4 3 3 53 6 71 40 6 5 0 1 6 5 4 39 5 2 0 1 1 1 1 1 8 4 0 2 0 0 0 10 5 2 1 0 9 0 3 8 4 5 0 6 3 6 4 34 10 2 3 2 1 1 4 6 12 1 3 5 4 1 1 13 43 5 4 3 74 4 90 58 13 2 3 6 3 5 8 38 47 2 5 9 5 1 8 28 175 36 6 45 12 7 20 143 96 14 2 10 37 5 37 167 119 42 5 43 33 37 32 404
412 4 14 8 19 2 27 113 97 18 2 15 13 2 12 104 106 18 13 19 38 7 64 725 60 7 6 10 14 3 23 308 7 2 1 1 2 0 2 4 19 8 3 11 1 0 2 21 7 0 0 1 4 1 5 17 9 3 1 1 2 1 5 36 9 1 0 2 2 0 1 2 5 0 1 1 0 0 0 8 7 0 1 0 1 0 4 8 2 0 0 1 3 0 0 9 10 0 0 0 2 1 1 2 22 21 2 10 0 5 1 16 5 4 0 0 2 1 1 21 10 0 0 3 2 5 6 39 8 0 2 0 1 1 1 7 8 1 1 4 0 1 1 17 30 3 2 2 27 3 37 68 4 2 2 6 6 0 7 50 2 0 0 0 1 2 1 1 2 0 0 2 1 2 1 9 2 0 0 0 0 0 1 9 3 1 0 1 2 5 2 28 11 0 1 2 1 1 2 7 6 2 2 0 1 0 4 5 36 4 2 1 43 6 27 51 8 7 0 4 3 2 6 48 61 4 2 3 5 4 5 17 263 21 1 20 9 3 13 100 136 4 1 6 33 7 16 120 167 19 2 31 22 15 32 324
411 22 9 24 8 8 22 157 103 31 10 49 20 11 30 564 84 16 4 27 12 8 29 237 65 19 4 27 21 11 15 551 6 2 2 3 1 1 0 11 15 6 1 8 3 2 4 38 7 4 1 1 2 1 5 19 9 4 0 2 2 2 7 85 4 0 0 0 0 0 1 7 6 3 0 0 1 0 0 14 2 1 0 2 1 0 1 5 4 0 0 1 2 0 0 17 10 1 0 1 2 0 2 6 16 6 1 5 2 0 0 47 15 1 0 3 4 0 2 23 11 0 1 6 4 3 8 70 13 1 0 1 0 1 0 6 8 3 0 1 1 0 2 31 10 0 1 0 3 0 5 20 6 6 0 10 2 1 5 54 5 0 0 0 0 0 0 1 0 1 0 0 0 0 0 9 4 0 1 1 0 0 1 7 1 3 0 2 0 2 2 27 6 2 1 0 0 1 0 3 6 7 0 1 2 1 2 31 14 5 1 2 5 3 7 21 7 4 0 3 0 2 4 54 20 2 1 5 5 3 1 24 46 12 5 11 8 4 3 127 75 9 1 19 12 2 16 116 105 33 2 21 18 11 29 475
472 9 21 15 12 4 18 81 129 26 6 29 9 3 10 118 162 33 5 31 32 2 36 398 50 8 0 14 8 10 22 213 16 3 2 5 0 1 1 3 12 15 1 31 3 2 4 27 7 2 0 2 1 1 5 29 5 7 1 8 4 3 5 49 14 1 10 1 4 2 1 5 7 4 0 2 0 0 2 10 3 0 1 2 2 1 2 6 1 0 0 2 1 1 0 13 8 0 3 3 2 0 5 6 34 84 2 29 2 4 0 32 11 0 0 1 4 0 4 24 7 2 0 6 6 2 5 45 11 2 3 2 0 0 4 7 10 2 0 4 0 0 2 16 25 2 7 7 23 4 43 45 9 3 0 4 8 4 2 50 2 0 0 1 1 0 0 1 2 1 0 2 1 2 0 7 7 1 0 0 5 1 6 10 0 0 0 3 1 3 5 34 9 1 2 1 4 0 2 5 29 14 0 0 3 0 1 16 23 2 2 9 24 4 31 36 8 1 1 3 2 1 11 50 43 5 3 7 5 1 4 27 159 37 1 25 16 7 10 144 86 11 2 15 17 4 30 174 89 34 4 24 44 24 36 411
465 14 17 20 13 1 16 75 179 28 5 16 15 6 24 267 179 17 6 16 23 3 39 243 103 20 3 14 19 4 14 240 8 4 0 2 0 0 2 4 23 8 2 14 2 2 2 22 9 0 0 0 4 0 1 24 9 6 1 4 2 5 4 28 9 1 2 0 2 0 4 9 6 3 1 1 1 1 1 7 5 0 0 0 0 2 0 2 1 1 0 1 0 1 1 10 17 0 2 4 1 0 4 5 42 40 2 16 2 1 2 22 8 4 0 1 1 0 3 28 7 2 1 2 3 1 4 22 17 2 0 1 0 0 0 8 12 1 0 4 1 0 2 16 16 4 5 4 17 0 36 31 5 5 0 4 4 0 4 47 0 0 0 0 0 0 1 2 1 0 0 2 0 1 0 3 4 0 1 1 1 0 3 5 7 3 1 3 3 3 2 23 11 0 6 4 0 0 3 5 16 2 1 5 0 1 2 12 29 5 1 3 30 2 24 28 7 0 0 1 3 2 6 32 58 1 4 3 3 0 6 44 145 30 0 25 19 5 17 169 154 13 6 13 21 2 24 203 130 22 5 26 31 15 16 477
445 9 10 10 13 3 18 39 173 27 5 31 22 3 11 87 176 24 6 14 27 10 32 156 129 17 1 30 20 6 17 203 10 4 1 3 1 0 3 6 16 4 1 6 4 1 6 31 25 9 2 4 4 0 6 28 16 9 0 4 5 7 3 53 7 1 0 0 1 0 2 2 6 2 2 3 0 0 2 4 5 3 2 2 0 0 1 9 2 0 1 1 0 1 2 4 11 1 0 1 4 0 3 4 32 9 0 8 7 2 3 36 11 2 2 7 2 0 4 26 20 2 0 16 8 3 5 53 13 1 1 2 4 0 0 6 21 3 0 7 6 1 1 21 14 5 3 7 6 2 7 30 28 2 1 10 7 1 4 63 2 1 1 0 0 1 0 1 5 3 0 2 1 0 2 5 1 0 2 1 1 0 0 6 3 2 1 0 1 1 1 19 11 1 2 2 1 1 2 7 13 4 3 5 5 0 5 21 24 6 0 3 4 3 8 31 24 9 1 2 5 3 4 53 34 5 0 7 14 2 4 16 144 37 8 29 19 7 20 180 56 15 4 20 23 4 27 191 139 56 5 48 40 25 46 638
479 17 28 30 15 2 26 73 136 32 5 32 9 0 15 136 114 38 5 36 18 10 43 345 38 11 0 14 10 5 10 170 11 2 0 1 2 0 1 5 17 32 1 37 2 2 1 27 8 2 3 2 0 2 8 21 10 7 0 2 3 2 4 53 21 5 8 3 0 0 2 5 4 3 0 2 0 1 0 12 7 1 2 2 0 0 2 6 2 0 2 1 1 0 2 15 17 4 1 1 2 1 3 0 38 92 3 41 5 7 1 48 8 3 1 4 1 0 5 27 6 5 0 6 4 7 3 42 16 3 1 0 2 0 4 9 20 4 0 2 0 3 1 15 15 1 3 4 32 4 94 59 7 2 1 2 4 1 2 46 2 0 0 0 0 0 1 2 7 1 0 2 0 0 1 2 1 1 0 0 2 2 6 8 3 0 0 3 3 11 4 35 20 4 5 2 2 1 6 8 21 2 1 2 1 1 2 12 34 3 4 2 39 2 47 22 6 2 0 2 2 1 2 35 53 5 4 7 2 2 4 28 264 48 5 28 27 9 18 127 44 7 3 11 22 2 20 129 92 31 3 27 29 32 22 342
469 9 20 12 10 0 19 81 243 29 5 30 8 3 11 78 182 35 3 27 21 3 30 405 92 14 1 15 3 3 11 140 10 2 0 0 4 0 1 8 22 12 2 16 0 1 2 26 9 1 0 0 0 0 3 15 8 4 2 5 3 5 6 26 6 0 1 3 1 0 3 4 4 2 0 3 2 0 0 2 2 1 0 0 1 0 1 3 1 0 0 0 0 1 0 5 12 1 3 6 1 0 1 7 34 30 1 16 5 1 3 26 9 1 0 1 1 1 0 19 7 4 0 3 3 2 2 23 2 0 1 0 0 0 1 2 29 4 0 2 0 0 2 9 21 0 1 1 14 0 21 27 13 0 0 2 3 1 1 20 0 1 0 0 0 0 0 3 4 0 0 2 0 0 0 1 3 0 0 0 0 1 1 3 4 1 1 1 0 0 1 24 13 0 1 2 0 0 4 6 23 1 0 2 2 1 2 11 16 3 0 2 19 3 22 21 7 2 0 3 3 0 1 18 88 9 4 3 6 0 8 47 460 33 10 32 25 10 24 212 96 14 3 15 18 3 17 172 167 25 6 28 20 14 30 370
432 7 7 11 10 1 11 63 154 15 5 8 12 3 4 75 139 29 4 24 12 0 16 385 98 16 3 9 5 6 5 207 14 0 1 0 1 0 2 3 25 5 1 9 1 1 2 19 10 1 2 4 2 1 1 24 15 3 2 1 3 2 5 34 4 1 2 0 1 0 0 3 4 1 0 0 0 0 1 2 2 1 0 1 1 0 1 8 0 1 0 3 2 0 0 5 17 1 1 1 2 0 1 7 25 9 1 13 2 0 4 21 12 1 2 2 2 0 4 13 20 4 1 5 3 0 5 36 10 0 0 0 1 0 2 5 26 2 0 3 2 0 2 8 11 1 0 0 2 0 5 29 24 5 1 0 1 0 3 35 8 2 0 0 0 1 1 0 4 1 0 2 0 0 0 3 0 0 0 0 2 1 3 7 6 2 1 1 1 1 0 16 10 1 0 3 0 1 3 2 30 1 1 2 3 0 3 14 11 1 0 3 4 0 10 23 18 1 0 2 2 0 4 30 78 7 1 2 5 2 8 20 452 33 10 36 23 5 25 162 108 23 2 18 17 7 28 128 353 51 15 54 39 21 37 436
469 17 22 19 22 3 11 42 118 24 12 25 23 7 24 69 120 25 12 18 27 8 25 102 93 19 5 24 24 4 15 65 12 7 3 2 4 2 1 5 16 10 3 24 2 3 5 32 17 4 1 3 5 0 5 26 16 5 2 5 13 3 4 53 15 3 0 0 3 1 3 6 6 3 1 3 1 2 3 8 7 0 0 1 0 0 4 5 3 2 1 1 2 1 6 16 15 1 3 7 0 0 3 5 23 12 3 22 8 2 12 43 14 4 2 11 5 4 7 31 12 7 1 7 12 4 10 73 16 3 1 3 7 2 5 4 24 7 1 7 3 0 1 23 27 7 8 6 13 1 30 44 11 4 2 11 6 4 14 63 3 1 0 0 1 0 2 3 5 1 1 2 2 1 1 11 2 1 0 2 5 2 4 4 4 3 1 6 4 2 10 41 8 3 2 6 7 0 2 10 13 7 3 8 4 1 2 27 20 8 2 5 8 1 23 42 12 9 2 7 4 7 12 66 29 1 2 3 11 7 3 19 78 21 3 28 10 7 24 163 49 19 7 22 24 11 25 181 88 43 5 46 37 28 45 750
426 15 12 26 31 10 30 102 118 44 4 59 23 6 25 218 128 18 5 25 43 6 71 311 37 13 2 21 25 11 14 257 6 2 0 3 3 1 5 5 15 14 1 10 2 1 7 44 15 3 0 2 3 0 5 30 9 6 2 3 1 4 4 68 11 0 1 1 5 0 2 7 1 0 1 2 1 1 0 5 6 1 0 1 1 1 5 11 3 0 0 2 1 1 1 23 14 0 0 2 2 0 1 7 26 15 0 11 5 1 6 50 6 5 0 2 4 1 6 31 4 2 0 8 6 3 4 65 10 1 1 1 1 1 1 9 12 2 1 8 3 1 5 30 23 4 3 5 17 5 15 69 9 5 0 6 7 7 11 84 2 0 0 0 2 0 0 3 1 0 0 1 0 2 0 9 4 0 0 0 1 3 2 3 3 2 1 4 1 2 1 29 8 0 2 2 1 0 3 11 14 2 1 3 2 0 5 18 38 7 1 3 15 1 28 56 15 6 2 4 2 1 9 66 37 3 3 0 5 0 3 17 70 20 2 16 11 8 13 142 60 6 1 15 26 4 27 136 61 21 3 25 22 17 32 502
431 16 10 21 11 2 23 78 128 32 7 66 7 1 14 194 88 17 4 15 24 3 25 421 39 16 1 9 8 6 5 178 20 2 3 3 0 0 2 6 32 12 0 28 5 2 4 55 12 0 2 1 1 0 5 28 10 3 0 5 4 1 3 38 11 0 1 1 2 0 5 2 5 2 0 2 0 0 0 5 1 0 0 0 0 0 0 4 2 1 0 1 0 0 0 7 21 1 0 1 2 0 2 9 54 22 1 26 1 1 2 37 17 3 1 3 0 0 1 16 16 5 3 2 2 1 3 36 10 1 0 2 1 0 2 6 14 7 0 4 0 1 2 8 24 2 1 2 9 0 12 22 13 1 0 1 0 1 5 31 3 0 0 0 1 0 0 0 5 3 1 2 0 0 1 1 8 1 0 2 0 0 0 5 7 3 0 2 0 1 0 19 15 1 9 1 3 0 1 3 14 6 1 5 3 1 0 10 49 4 2 4 9 0 7 25 16 5 2 1 4 1 2 19 85 6 5 6 9 1 3 18 370 41 6 43 14 7 18 125 239 15 3 13 41 5 36 123 142 49 5 44 29 21 36 303
447 17 6 12 24 5 32 127 128 35 6 56 14 4 21 367 105 10 5 11 45 3 38 208 50 16 1 13 4 4 7 281 19 5 3 2 2 1 1 6 30 20 3 60 1 0 2 35 14 0 0 3 3 1 4 10 9 4 2 3 1 1 5 29 14 1 4 1 1 0 2 4 3 2 0 1 2 0 0 5 11 0 1 1 3 0 2 10 4 0 1 0 0 0 0 6 29 0 1 2 0 0 5 3 25 27 4 19 2 2 3 26 22 4 1 1 1 1 5 15 10 3 0 5 3 2 3 32 9 2 2 1 5 0 5 6 13 5 1 7 1 0 2 26 40 1 2 3 21 1 25 30 7 5 0 1 3 2 3 36 2 0 0 1 2 0 0 1 2 1 0 4 2 0 0 4 5 1 1 0 3 0 0 6 6 3 0 2 3 5 1 15 13 1 2 2 5 0 5 2 10 1 0 5 3 2 1 16 44 6 4 3 57 2 32 44 7 5 2 4 7 3 5 30 69 1 2 4 5 3 6 36 137 16 6 27 9 4 9 132 202 16 2 26 53 4 30 143 129 26 2 26 23 15 31 291
471 16 8 19 13 0 19 55 143 28 5 32 17 2 14 239 135 16 3 13 24 1 37 81 77 13 3 17 13 5 20 122 16 1 0 0 3 0 2 7 28 9 0 12 7 3 3 33 29 1 0 2 4 1 2 15 19 0 0 0 3 1 3 47 10 0 3 0 1 0 4 0 5 4 1 0 0 0 2 8 8 1 1 0 1 2 0 6 2 0 0 0 0 0 3 6 15 1 1 2 4 0 1 9 28 12 1 12 3 1 4 30 17 2 0 2 2 1 6 15 16 2 0 1 4 4 3 30 21 0 0 1 1 0 1 8 11 4 0 9 2 1 2 21 38 3 0 2 10 0 6 20 19 1 0 10 3 0 3 28 3 0 0 1 0 0 0 1 2 2 0 1 2 0 1 2 10 0 1 0 2 0 3 5 3 1 1 0 2 1 1 22 21 0 1 4 0 1 2 2 19 3 1 3 1 0 1 21 35 8 2 3 12 3 12 35 13 4 0 3 4 2 5 27 95 5 1 7 12 2 9 44 153 20 6 26 19 5 15 155 367 29 7 27 46 5 42 172 226 30 14 53 45 20 30 423
491 13 19 11 10 4 20 54 216 14 5 26 12 5 5 77 237 38 5 44 30 3 45 506 75 16 3 15 3 2 13 86 16 2 0 4 0 0 1 9 13 23 7 102 0 3 3 28 9 0 0 3 1 0 2 45 3 1 0 3 2 1 2 31 14 1 3 2 1 0 2 2 1 1 0 0 0 0 0 4 3 0 0 1 3 0 4 4 1 0 0 0 0 0 0 2 14 1 3 3 6 0 0 8 30 23 2 36 1 0 0 15 16 1 0 1 1 1 1 40 6 2 0 3 5 0 1 23 14 1 1 1 0 0 3 5 32 3 0 1 3 0 3 6 22 3 0 3 30 1 38 43 5 0 0 4 6 3 2 22 1 0 0 0 1 0 0 1 2 1 1 4 1 0 0 5 1 1 0 0 0 1 2 8 4 3 0 1 0 3 1 20 7 2 3 0 2 2 4 1 27 2 1 1 2 1 1 11 20 3 1 0 57 5 36 37 7 5 0 3 2 1 2 29 40 3 1 6 5 0 4 42 238 26 7 20 20 6 29 206 77 15 0 10 25 4 31 237 53 28 6 17 28 13 21 340
473 20 17 21 27 5 24 30 108 30 11 29 27 8 20 66 113 24 12 18 30 6 25 50 58 17 4 20 15 10 27 73 14 2 4 4 4 1 3 9 14 6 5 11 7 0 14 30 15 6 3 4 5 4 4 26 11 7 2 10 8 8 12 54 12 2 0 1 3 0 2 8 8 3 2 4 1 1 2 7 8 3 2 2 1 1 3 7 9 4 0 2 2 2 6 14 13 1 1 3 5 1 4 8 9 6 1 10 4 2 15 48 8 5 1 3 8 4 3 29 11 4 3 8 6 7 11 79 16 3 3 2 4 3 2 7 15 6 3 13 7 1 6 21 20 5 1 10 8 0 8 34 16 9 1 20 6 7 7 61 5 2 0 1 1 0 1 2 4 1 0 2 0 0 3 10 5 3 1 2 2 2 2 11 5 3 1 8 0 4 3 42 11 5 1 4 2 0 2 8 12 5 0 7 1 1 2 22 16 7 1 3 6 2 8 43 13 16 1 11 9 5 8 78 50 3 3 5 4 2 5 28 91 17 5 23 19 10 25 159 121 17 7 25 22 14 31 157 176 42 8 47 41 31 52 690
459 16 20 14 20 3 15 71 104 14 6 30 3 3 10 61 136 13 2 11 18 2 41 279 74 13 2 9 5 2 3 176 14 2 3 3 0 0 6 4 29 33 6 137 3 3 5 36 9 2 0 2 2 0 3 10 3 4 0 2 1 2 4 27 23 3 13 2 0 1 2 3 9 4 1 1 0 0 1 4 1 0 0 2 9 0 4 5 7 0 1 3 1 0 0 9 14 2 3 4 3 1 2 5 52 47 4 62 2 4 3 22 9 2 1 4 6 0 5 17 6 2 0 2 1 4 3 27 8 1 1 2 2 0 0 7 14 3 1 3 0 0 1 11 29 1 2 3 34 3 46 37 5 1 0 3 3 3 4 25 5 0 0 0 0 0 0 1 5 1 0 9 1 0 0 7 1 2 1 0 1 0 3 7 5 2 0 4 4 16 2 30 20 0 3 1 4 0 1 2 17 3 0 2 4 1 0 3 39 1 1 2 98 6 62 40 14 4 1 1 0 5 4 29 89 4 4 3 6 3 7 29 348 47 6 24 26 3 12 96 78 9 2 8 29 8 33 138 227 27 7 32 27 28 28 325
466 12 12 8 8 1 11 106 187 20 3 18 12 4 10 120 158 23 3 27 17 3 31 403 103 10 5 12 9 8 8 201 8 0 1 4 0 0 0 4 9 20 1 28 0 0 4 32 2 3 0 1 3 0 1 20 9 6 1 4 1 0 2 20 13 1 1 2 0 0 0 2 9 1 0 0 0 0 0 4 6 0 1 0 3 1 1 0 3 0 0 0 0 0 0 9 14 1 1 2 2 0 2 7 29 13 3 18 5 0 2 13 7 1 0 3 1 0 3 13 7 1 1 2 3 1 2 17 12 0 0 2 1 0 0 4 18 3 1 3 0 0 1 12 25 4 0 1 12 2 23 23 11 2 1 1 2 2 4 23 4 0 0 0 0 0 0 0 5 2 1 2 2 0 0 8 2 1 0 1 2 0 0 4 5 2 0 1 3 1 2 9 9 0 0 0 3 0 0 5 18 1 1 1 1 0 2 16 22 1 0 0 20 2 14 19 10 0 1 0 2 2 3 21 97 3 4 2 6 0 7 40 512 31 5 21 16 6 18 185 96 17 4 11 28 2 20 196 241 22 4 27 21 15 25 319
442 8 12 6 10 1 17 87 150 16 4 23 17 1 14 93 173 21 3 17 29 5 37 288 87 13 3 13 10 9 12 195 23 0 1 1 5 0 6 7 24 5 4 7 4 1 1 19 9 2 1 2 2 0 1 18 9 4 2 0 4 3 4 25 19 0 0 0 1 0 1 3 5 0 1 1 0 0 0 4 8 0 0 1 3 2 0 4 4 1 0 2 2 0 2 6 25 4 0 0 3 0 1 9 28 10 2 5 1 2 0 28 11 2 0 0 5 1 2 15 12 3 5 5 3 2 5 33 22 2 2 1 1 0 1 6 12 4 2 4 1 1 2 10 27 4 2 4 15 2 19 17 15 2 1 3 4 3 5 24 13 1 0 1 1 1 2 2 6 1 0 3 0 0 1 4 8 1 2 2 0 2 2 10 9 3 0 5 2 2 5 21 18 4 0 0 1 0 1 9 18 4 0 5 1 1 0 16 45 5 3 3 21 4 11 23 18 0 2 9 2 7 6 45 88 7 3 6 9 2 2 31 215 28 15 20 19 6 15 153 147 23 6 18 41 4 41 156 214 36 21 47 43 18 48 465
462 15 9 17 13 5 20 53 136 21 5 29 17 6 21 221 162 16 6 12 24 6 16 112 79 11 5 16 18 4 17 120 18 3 0 2 3 0 1 7 32 5 3 6 1 1 3 27 19 3 1 4 4 1 5 23 22 6 1 2 3 2 6 36 12 2 0 0 1 0 1 1 5 2 0 2 0 0 1 4 8 1 0 0 2 2 1 2 2 2 0 1 0 0 1 2 14 0 1 5 4 1 1 6 26 8 2 13 5 3 3 33 17 1 2 2 9 0 1 12 16 2 2 2 3 0 5 39 19 4 1 3 4 0 4 4 15 6 3 2 4 1 3 20 30 7 0 6 9 1 5 28 15 3 1 3 0 1 3 25 2 1 0 0 1 3 0 0 6 3 0 1 0 0 1 6 6 0 0 1 0 0 2 8 9 2 1 0 0 4 3 14 25 1 5 3 3 0 5 6 24 7 0 2 2 0 2 18 35 2 1 3 6 4 12 27 25 4 3 3 7 1 3 38 97 1 3 6 10 2 6 24 131 23 10 32 16 4 16 164 350 27 9 20 50 8 42 190 196 51 7 34 46 15 42 429
411 12 6 12 14 7 16 124 142 6 2 21 12 2 12 255 179 28 2 29 11 3 36 863 72 11 3 12 6 6 10 514 8 2 1 0 0 0 1 5 7 0 0 9 2 1 1 17 10 1 0 1 0 0 1 24 2 0 0 2 0 0 0 28 5 1 0 0 0 0 1 1 2 0 0 0 0 1 1 5 1 0 0 0 1 0 1 7 4 1 0 1 0 0 0 7 2 0 1 0 0 1 0 1 13 13 1 1 0 3 1 10 5 0 0 1 0 0 4 18 5 0 0 2 2 0 2 32 6 1 1 0 0 2 0 2 22 1 1 1 0 1 0 17 12 2 0 1 1 0 8 27 8 1 0 1 0 0 3 40 1 0 0 0 0 0 0 1 0 0 0 0 0 0 0 2 2 0 0 1 0 0 1 4 1 1 0 0 0 1 1 11 2 0 0 0 1 0 0 3 17 2 0 2 0 0 0 14 7 0 0 1 3 0 4 14 5 1 0 0 2 1 0 34 37 0 1 1 1 1 2 39 401 1 3 9 18 0 16 131 118 6 1 2 11 0 7 171 135 9 3 7 11 0 13 285
434 12 16 25 11 1 20 101 189 23 3 38 10 5 7 259 154 10 4 8 19 2 32 215 107 6 1 6 8 4 11 253 13 0 1 1 0 0 2 4 28 28 3 45 0 1 1 35 8 2 0 1 0 0 5 8 12 1 0 1 0 0 2 26 10 0 2 1 0 0 2 1 3 2 0 1 0 0 0 8 5 1 0 0 2 0 3 2 1 0 0 0 0 0 0 3 16 1 3 0 1 0 1 10 23 29 2 32 1 1 3 32 10 0 0 0 1 0 2 10 13 0 0 2 4 1 0 18 10 0 2 2 3 0 2 3 10 0 0 0 3 0 0 16 25 4 0 1 24 2 40 35 6 1 1 1 0 0 4 25 0 0 0 0 0 0 0 1 2 2 0 1 0 0 0 7 6 0 0 0 0 0 1 4 4 5 0 0 2 1 0 17 9 0 1 0 0 0 2 5 7 0 0 0 1 1 0 12 30 3 3 4 41 1 46 23 9 0 1 2 4 0 2 17 99 9 4 3 5 0 6 47 176 33 7 29 11 2 11 162 343 22 5 13 36 3 25 148 248 23 3 29 26 22 24 303
457 29 16 19 9 3 11 69 169 53 4 36 14 3 13 178 131 23 7 36 21 3 55 274 62 19 1 18 9 2 12 209 7 1 2 2 0 3 0 2 15 22 0 12 1 2 8 29 12 1 0 3 4 2 8 31 10 6 1 5 6 1 4 72 10 2 3 2 3 0 4 3 4 2 0 2 1 0 0 7 1 3 1 2 3 0 0 9 2 0 1 0 0 1 0 8 9 2 1 2 2 0 2 6 39 55 1 28 4 6 7 60 5 0 2 7 5 0 5 27 13 8 2 9 5 3 5 51 15 2 0 3 2 0 4 6 18 0 0 2 6 0 4 18 22 3 1 2 17 1 54 41 9 3 0 5 10 3 0 49 4 0 2 0 1 1 0 0 3 1 0 0 2 1 2 4 1 1 0 0 0 1 1 7 5 2 1 2 1 1 5 26 14 2 2 4 1 0 4 5 22 8 2 7 3 0 8 23 32 3 1 2 15 1 25 38 6 1 1 4 1 2 3 39 38 8 1 5 2 0 6 20 173 44 3 29 18 4 15 165 60 6 1 10 19 2 38 149 72 26 3 31 41 21 36 477
383 12 5 14 16 3 18 174 72 16 6 35 15 8 15 422 107 12 4 11 37 5 31 445 50 6 1 13 16 5 17 484 9 1 1 0 0 1 2 7 17 4 2 7 1 0 4 34 7 4 1 1 3 0 2 14 4 1 0 3 1 0 7 52 3 0 0 0 1 1 1 1 0 0 0 0 0 0 0 13 4 0 0 0 1 0 1 8 0 1 0 0 1 0 0 9 8 0 0 1 3 0 1 4 22 2 1 1 1 0 2 26 7 0 1 0 5 0 2 18 6 1 0 5 3 0 3 47 3 1 1 0 2 0 0 4 5 1 1 3 1 1 1 25 16 5 0 2 2 1 6 29 11 1 0 5 3 1 2 57 1 0 0 0 1 0 0 2 1 1 0 0 1 0 1 6 2 0 0 1 1 0 1 5 1 1 0 2 2 0 2 26 6 2 0 4 1 0 1 4 7 2 0 2 1 1 2 17 36 6 1 1 13 1 5 33 8 4 0 3 1 1 7 35 77 5 1 2 2 3 0 13 258 16 4 23 7 6 5 96 219 5 5 16 13 1 24 106 187 19 2 21 17 15 18 357
480 39 12 22 17 9 8 47 175 45 13 60 19 5 18 150 105 20 4 27 13 1 10 121 54 24 4 22 14 4 12 116 35 3 2 3 1 2 2 16 34 20 1 18 3 2 3 50 20 7 1 5 12 0 0 27 20 9 1 5 5 2 1 65 12 1 0 2 1 1 3 2 14 3 0 4 1 0 3 4 7 0 0 0 1 0 1 3 5 2 1 0 2 1 0 13 21 6 3 4 2 1 4 7 62 25 2 26 5 5 4 50 12 5 2 5 3 1 4 24 25 10 2 13 4 0 5 55 17 2 1 3 1 1 1 8 24 5 1 6 3 1 2 21 19 4 1 3 3 0 4 15 11 6 1 6 4 4 1 26 0 2 0 0 1 2 0 1 9 1 0 2 1 2 2 6 11 1 0 3 1 0 1 4 7 3 1 1 7 1 3 24 12 2 1 0 1 0 1 5 23 10 1 8 4 0 4 23 13 5 2 7 1 2 4 15 18 7 1 5 3 3 8 41 48 8 1 8 11 4 6 26 200 62 6 49 22 9 21 181 58 19 1 22 22 12 23 149 111 46 13 59 38 15 43 505
419 13 16 15 18 2 25 94 92 18 7 32 10 0 13 253 123 9 2 6 28 6 64 307 34 6 3 7 8 2 11 248 9 2 1 1 5 0 0 5 24 24 3 73 0 0 3 43 9 0 0 0 1 1 3 7 4 1 0 0 0 2 2 22 7 0 6 2 0 1 3 4 2 3 1 4 0 0 0 3 1 1 1 0 4 0 3 3 3 0 0 1 0 0 1 5 20 1 3 0 0 0 4 3 32 29 3 30 1 1 1 17 8 0 0 2 5 1 0 5 10 0 1 5 0 3 0 15 12 0 0 0 0 0 3 3 14 1 0 6 3 0 1 18 30 1 0 5 36 0 66 54 8 1 0 7 2 2 5 37 2 0 0 0 0 0 0 0 2 4 0 1 0 0 0 8 4 0 1 0 0 0 0 4 1 3 1 3 2 4 0 28 19 1 0 1 2 0 1 4 11 2 0 0 0 1 4 5 43 2 1 6 71 5 48 42 10 4 0 2 4 1 4 30 124 6 3 3 6 1 2 25 379 19 4 14 5 1 6 96 309 11 6 15 36 2 36 127 212 17 6 22 33 15 14 202
487 15 13 13 17 2 11 91 177 21 6 30 10 4 15 89 162 22 10 21 22 5 29 368 86 11 5 11 7 7 8 200 17 0 2 2 2 0 3 7 26 12 2 24 2 1 3 18 14 2 1 1 3 0 3 38 11 6 1 3 1 0 2 21 10 2 2 5 1 0 1 3 6 3 0 2 0 0 1 3 6 2 0 0 4 1 1 6 4 2 0 1 2 1 3 8 16 1 0 1 1 1 2 6 22 17 0 11 1 4 4 10 11 2 0 1 3 0 3 25 13 0 0 2 2 2 3 25 17 3 2 6 3 0 3 6 19 1 2 2 0 0 1 10 18 4 2 2 15 0 24 23 11 1 1 3 1 3 1 21 4 2 0 1 1 0 0 1 6 0 2 2 1 0 1 6 1 0 1 3 2 0 3 5 3 0 0 0 1 1 3 13 10 3 2 1 6 0 2 3 25 3 2 4 4 2 4 12 20 1 0 3 30 1 9 18 14 1 1 0 0 2 2 25 71 6 1 3 8 3 5 45 419 24 10 14 22 8 19 169 87 20 5 21 23 5 12 216 188 31 12 39 20 16 28 359
359 2 7 7 3 1 5 89 93 8 5 22 5 2 4 152 113 8 2 1 12 2 20 480 146 13 1 11 11 2 13 415 4 1 0 0 0 0 0 1 6 5 0 5 4 1 2 21 9 2 1 0 1 0 1 8 16 2 0 0 1 1 3 35 2 0 0 0 0 0 1 2 1 0 0 1 0 0 0 0 3 1 0 0 0 1 0 4 2 0 0 1 0 1 0 3 6 0 0 0 1 0 1 3 13 3 0 7 3 1 0 17 3 0 0 1 0 1 0 6 12 1 0 3 2 0 2 32 7 0 0 0 0 1 2 1 13 0 0 5 1 0 0 6 16 2 0 0 6 0 6 21 14 0 0 4 1 1 1 23 0 0 0 0 0 0 0 1 1 0 1 1 1 0 0 7 1 0 0 0 0 0 0 2 4 1 0 0 0 0 1 11 14 0 0 2 1 0 0 3 4 0 0 1 1 0 0 8 21 2 0 0 31 2 14 21 17 3 0 3 2 0 1 25 49 2 2 3 2 0 4 15 283 10 3 18 6 0 4 104 183 8 4 7 19 1 19 116 726 29 2 22 33 9 25 527
427 11 7 11 9 6 10 75 161 14 3 36 16 1 9 88 212 25 3 15 21 2 35 373 147 20 3 16 22 2 21 236 5 1 2 0 0 1 4 5 17 3 0 6 2 0 3 15 12 4 3 1 3 1 5 23 15 5 3 2 5 1 3 39 6 2 0 1 0 1 0 1 4 0 0 1 0 0 2 4 8 1 1 0 2 0 1 4 5 1 1 2 0 0 0 6 3 0 0 1 0 1 3 10 25 4 0 4 3 2 4 44 11 4 1 2 3 0 4 19 9 2 0 5 6 6 5 35 14 0 0 1 2 0 2 5 15 2 0 4 3 1 3 21 13 2 1 2 6 1 10 29 16 3 0 8 6 1 3 42 1 0 0 1 1 0 0 1 0 0 1 0 0 1 0 4 1 1 1 0 0 1 1 3 1 0 0 2 4 1 1 23 3 0 0 2 0 1 1 3 15 1 0 2 0 0 4 14 22 5 0 1 4 2 9 41 9 7 1 4 3 3 3 43 46 2 3 3 4 1 6 39 298 22 1 23 18 5 13 171 87 11 2 13 18 5 26 189 166 16 6 36 28 20 33 583
496 20 7 20 19 3 14 49 174 24 9 33 20 4 20 208 161 20 5 19 19 2 26 98 76 15 4 17 25 4 17 127 19 5 1 4 1 1 3 8 25 7 2 10 8 3 6 27 25 3 0 3 4 0 2 28 15 8 2 4 5 0 5 32 15 1 3 0 0 0 0 6 8 1 0 1 1 0 1 6 11 1 1 2 0 1 2 1 3 0 0 2 3 1 1 4 16 1 0 1 1 0 2 8 31 4 1 5 2 2 2 42 25 4 0 1 2 0 2 15 13 4 4 3 7 2 3 45 13 0 1 0 1 0 3 3 20 5 2 7 3 0 2 25 20 5 2 4 2 1 7 24 13 4 0 7 8 4 2 30 2 0 0 0 0 0 0 0 4 2 0 0 2 0 1 7 11 1 0 1 2 0 2 4 6 0 0 0 2 0 2 14 24 1 2 1 0 1 9 8 19 8 0 4 2 0 2 21 35 5 0 4 5 1 11 25 10 1 0 4 4 2 2 29 72 6 2 10 8 3 7 26 184 28 4 37 21 5 23 193 289 32 4 27 28 5 39 184 157 38 9 41 41 19 31 420
421 7 26 18 19 2 27 65 67 35 11 58 7 4 7 106 98 7 3 11 42 2 68 261 39 11 2 10 9 1 4 134 17 3 3 3 3 1 2 3 31 46 6 137 0 1 2 75 5 2 0 3 1 0 1 6 6 3 0 3 6 1 2 34 19 2 5 2 4 0 3 3 2 2 0 2 0 1 0 5 5 2 0 0 7 0 4 7 2 0 0 0 1 0 1 4 25 1 7 4 4 0 2 7 71 45 4 38 3 3 5 26 6 0 1 1 4 1 7 8 3 0 0 2 4 0 1 22 14 0 2 1 0 0 4 4 11 2 0 4 0 0 2 6 48 4 3 2 79 1 86 72 9 3 1 5 9 3 7 35 1 0 0 0 0 0 1 1 5 2 1 5 0 0 1 6 4 1 0 3 2 0 7 6 5 4 3 4 2 4 4 25 19 2 0 1 2 0 6 1 8 3 0 2 2 2 2 7 79 4 6 3 208 7 104 56 6 6 2 4 10 5 6 37 59 5 2 7 2 0 12 10 179 50 1 42 6 4 7 66 98 8 7 7 96 8 59 114 92 36 1 15 40 25 28 283
491 8 19 24 18 3 22 72 139 23 9 30 12 3 20 108 170 13 8 11 38 9 58 253 66 14 3 15 21 9 16 158 21 2 2 3 0 0 1 4 23 19 4 35 4 1 3 26 10 2 1 2 5 0 3 19 8 5 1 5 3 4 1 31 18 2 4 2 3 0 3 5 4 2 0 2 1 0 1 5 9 0 0 0 1 1 2 3 4 0 0 3 0 0 0 7 17 1 3 5 4 0 2 4 29 12 2 18 2 0 2 22 13 1 0 1 4 0 2 19 7 0 0 1 1 1 4 21 13 2 1 1 2 0 4 8 12 5 3 2 4 1 0 14 32 3 2 1 35 3 36 46 17 4 0 2 5 4 7 38 3 0 0 0 0 0 0 3 4 0 0 3 1 0 1 5 6 0 0 0 3 0 0 7 4 1 1 2 4 3 2 16 13 0 5 1 3 0 4 11 13 5 1 0 0 1 0 10 50 5 1 3 22 2 37 44 13 4 0 1 5 4 5 43 69 3 0 6 11 1 4 43 147 18 3 19 18 4 18 162 207 18 4 13 52 8 36 257 150 21 9 24 39 24 34 364
434 15 6 12 9 1 11 91 189 42 0 34 8 3 5 120 233 22 5 29 27 2 29 608 101 12 5 18 9 3 11 184 5 0 0 0 0 0 0 7 23 11 0 17 1 2 3 15 3 1 0 0 1 0 4 36 11 1 2 0 3 0 1 17 5 1 0 0 0 0 0 4 7 2 0 1 1 0 0 0 4 2 0 0 1 0 0 5 2 0 0 0 1 0 1 3 10 1 0 0 0 0 2 4 36 18 0 12 2 1 0 14 3 0 0 0 3 0 1 32 7 1 0 0 3 2 2 27 10 2 0 0 1 0 1 2 21 1 0 3 1 1 2 4 29 3 0 3 7 1 1 14 12 4 0 2 1 2 1 14 2 0 0 0 0 0 2 2 5 1 0 1 1 0 0 2 2 2 1 0 0 0 0 3 3 0 0 1 1 0 2 11 14 0 2 0 1 0 0 2 23 0 2 0 1 0 0 10 40 0 0 5 16 2 6 11 11 3 0 1 5 2 2 21 62 2 1 4 1 2 8 55 374 17 3 26 28 3 40 207 68 3 1 4 26 4 27 221 133 18 6 21 27 15 24 400
449 18 14 15 12 3 16 49 132 22 5 32 15 4 7 72 132 19 10 20 22 3 21 183 86 14 2 11 20 0 16 118 19 2 5 3 3 0 0 2 21 25 2 29 4 1 8 26 14 6 0 4 2 2 4 19 18 6 2 2 6 3 9 42 13 3 6 3 5 0 6 2 9 5 0 3 1 0 1 4 6 1 0 1 3 0 1 7 1 2 0 1 2 3 1 4 21 1 4 5 2 0 3 5 37 24 2 34 9 1 5 27 15 7 0 10 4 3 5 17 16 9 1 11 8 4 9 53 13 2 3 3 2 1 0 5 20 3 2 5 8 4 4 16 22 6 1 8 8 2 24 23 14 9 1 9 5 3 6 47 3 0 1 0 0 1 1 1 6 2 1 4 0 0 1 7 5 1 1 1 1 1 5 6 3 3 0 4 0 5 5 28 11 3 3 2 1 1 2 5 22 4 1 6 4 1 1 15 26 3 0 6 25 5 18 36 14 6 1 2 8 5 8 59 43 6 3 2 6 1 5 22 197 29 4 39 16 10 25 159 89 20 5 19 20 5 50 149 141 59 10 47 53 33 54 581
417 11 8 16 10 2 15 45 154 14 4 6 12 3 11 52 137 30 3 25 17 5 17 329 113 16 2 19 11 5 9 158 17 2 1 0 1 0 2 8 14 6 1 2 5 2 4 24 11 2 2 3 5 1 2 26 11 5 1 2 1 3 4 37 5 0 0 1 1 1 1 4 7 1 0 0 0 0 0 6 2 0 1 2 1 3 1 5 1 1 1 0 1 1 0 4 15 3 0 0 2 2 2 9 28 0 0 6 3 0 1 19 14 1 1 2 5 2 2 23 13 3 1 6 1 1 6 34 12 0 1 0 4 1 0 10 26 3 1 4 3 0 1 13 14 1 1 4 2 1 5 25 14 4 1 4 3 0 1 49 4 2 0 1 0 0 0 3 5 2 0 1 0 2 1 6 2 1 0 0 0 0 1 7 3 0 0 2 1 1 0 16 12 0 0 1 0 1 1 4 28 3 1 3 2 0 2 8 24 1 0 1 0 1 4 28 24 3 0 5 2 3 5 40 81 5 4 2 10 3 7 21 427 28 9 29 20 12 39 140 128 23 3 10 14 4 30 145 306 49 10 45 45 21 43 533
497 19 10 11 18 7 16 94 199 24 2 18 14 5 11 229 172 40 9 41 21 3 27 260 64 11 5 13 9 9 15 201 10 2 3 1 1 0 4 12 17 7 3 13 1 0 3 17 13 4 0 0 5 1 0 24 8 3 3 1 3 1 6 32 15 0 2 0 1 1 3 1 4 0 1 3 1 0 1 4 2 0 1 3 1 1 3 9 3 0 0 1 3 0 1 10 13 4 1 2 0 0 1 10 32 36 2 6 6 2 4 17 15 1 2 3 2 3 8 34 14 5 1 6 6 6 1 30 10 4 0 2 5 0 2 8 22 3 0 6 0 1 0 15 22 6 5 3 12 2 19 22 5 2 0 5 0 0 3 29 1 1 2 1 0 0 0 3 7 2 0 0 1 0 2 6 3 0 1 0 4 1 2 6 5 2 2 2 5 2 5 15 17 2 2 2 1 1 8 9 23 4 1 4 3 0 4 20 18 1 2 1 11 1 17 31 8 5 2 6 3 2 12 39 52 4 2 6 3 1 8 49 200 24 3 25 26 5 20 185 109 17 8 15 19 3 17 162 100 35 6 35 37 17 46 446
477 20 17 14 16 5 22 86 132 24 7 32 15 4 15 136 117 21 5 31 27 1 45 329 55 9 2 17 13 6 11 218 6 0 3 1 2 0 2 6 19 23 4 27 2 3 5 34 16 0 2 1 7 0 8 24 4 4 0 6 1 0 3 53 24 2 5 1 1 0 0 2 6 4 0 3 1 0 1 2 3 2 1 1 1 1 2 12 0 2 1 0 0 0 2 6 16 1 3 5 4 0 1 2 33 92 4 36 4 5 5 37 9 2 0 4 4 0 2 23 7 5 2 4 9 2 6 52 18 6 2 0 1 1 4 6 8 3 0 8 1 0 2 12 25 1 4 8 34 2 41 43 8 3 2 1 9 6 4 50 0 0 0 0 0 0 1 1 5 2 0 2 0 0 1 10 5 2 2 1 1 4 3 10 6 1 1 5 3 4 6 21 12 1 8 2 6 1 2 5 19 5 1 0 3 4 5 20 19 4 4 6 56 5 39 55 14 4 2 3 5 7 9 42 46 3 3 6 5 0 9 30 157 35 0 34 18 4 12 121 53 10 3 9 25 5 25 167 82 27 2 31 21 22 35 421
480 19 18 24 18 3 29 127 172 38 6 57 11 6 19 149 178 19 6 27 48 9 63 363 88 15 0 17 15 7 17 213 13 1 2 3 1 0 1 9 19 15 3 34 3 2 4 35 7 2 0 0 3 1 2 26 8 2 0 6 2 0 3 49 11 0 1 0 2 1 5 2 3 0 1 1 0 0 0 9 6 0 1 0 4 0 4 5 1 1 0 1 1 1 0 9 19 1 2 1 1 0 0 5 23 22 1 22 6 0 3 36 9 4 2 2 2 0 5 29 4 3 0 5 2 2 4 46 12 2 1 2 3 1 2 7 11 1 1 4 0 1 2 12 30 2 3 4 26 1 25 59 8 3 1 5 5 4 4 47 0 0 0 0 0 0 0 6 3 4 0 3 0 0 1 6 1 1 0 0 1 1 1 12 3 3 0 2 0 2 0 24 20 2 3 3 3 0 9 8 10 4 0 4 2 1 3 14 25 5 0 3 47 2 27 36 10 3 0 3 5 3 4 36 40 0 1 2 3 2 5 48 139 31 1 23 22 5 16 203 62 12 0 7 22 6 23 171 46 21 5 30 22 16 22 347
505 22 10 19 16 8 23 108 193 25 5 24 23 2 23 278 152 21 7 19 18 3 25 162 101 18 5 13 17 4 16 207 15 2 2 2 5 0 4 5 20 10 0 4 3 3 7 20 16 1 0 5 5 0 5 24 11 4 3 2 2 1 4 35 11 2 6 1 0 1 0 5 1 4 1 1 0 0 1 7 5 2 0 1 2 2 1 8 4 4 1 1 2 0 0 6 15 5 1 2 2 0 0 6 17 56 3 18 3 5 8 18 16 2 1 4 2 0 3 21 9 6 0 6 5 1 4 38 12 2 0 3 4 0 2 5 20 5 0 3 4 1 2 13 24 4 3 6 13 1 26 29 15 2 0 7 4 4 4 33 3 1 0 1 0 0 0 2 4 0 1 6 1 1 1 6 2 0 1 0 2 0 5 7 1 2 0 3 2 2 2 18 9 4 0 2 3 0 2 10 20 3 2 2 2 0 1 19 18 7 2 5 19 1 30 16 10 8 1 2 1 3 10 29 44 7 4 5 7 2 4 50 112 24 6 16 11 2 20 206 173 16 9 18 19 5 14 170 97 31 3 34 26 20 29 460
436 8 5 9 11 3 15 34 112 13 5 14 14 3 8 127 140 9 2 8 28 6 19 74 72 7 3 3 11 4 13 81 18 3 0 0 3 0 2 3 14 10 5 22 0 2 3 16 16 4 0 0 1 1 3 9 9 5 1 3 3 2 5 20 10 1 1 1 3 0 0 2 6 0 0 2 0 0 1 3 9 0 1 2 2 0 2 1 5 0 0 1 1 1 1 4 21 0 1 2 1 1 0 3 20 5 3 14 6 0 2 9 19 1 2 1 7 0 1 11 15 2 0 4 2 1 7 25 15 1 0 1 3 0 2 7 17 1 2 1 0 0 1 18 25 3 1 3 14 2 18 18 16 1 0 4 8 2 3 23 7 0 0 0 0 0 0 1 4 1 1 4 0 1 1 3 4 0 0 2 0 1 0 2 8 3 1 2 0 1 1 13 17 0 2 2 4 0 3 3 15 0 1 3 1 0 4 13 37 6 0 5 27 9 10 33 19 6 1 8 7 2 10 32 122 4 3 4 5 2 7 19 202 16 6 19 12 5 12 139 477 21 7 19 56 11 42 168 497 39 14 48 67 19 53 467
449 13 15 17 13 5 13 56 143 26 2 22 14 3 13 98 123 30 9 22 21 6 31 320 66 11 3 16 10 7 14 185 20 1 0 3 2 0 1 12 21 6 4 17 2 0 4 21 13 3 0 0 5 1 6 18 19 3 3 6 3 2 4 51 9 4 0 0 0 2 0 3 5 4 1 4 0 0 2 8 4 0 0 2 2 1 2 4 6 1 0 3 1 3 0 10 19 2 3 1 2 0 4 8 30 9 4 5 6 2 3 23 11 1 1 0 4 1 6 28 17 4 1 4 4 4 6 56 9 0 3 2 2 1 0 7 27 1 1 5 5 1 6 19 22 4 1 6 7 2 12 37 11 4 2 6 6 1 5 58 2 1 0 0 1 0 2 3 1 0 0 3 2 1 0 9 6 1 1 1 1 1 2 6 5 3 2 4 2 2 6 20 13 3 2 1 0 0 2 5 19 4 3 4 3 0 2 16 22 6 1 6 7 2 9 29 22 8 0 8 8 6 8 55 59 5 1 6 3 2 4 25 211 44 14 34 21 6 23 135 98 17 6 12 31 3 31 167 166 39 13 42 37 27 44 521
434 11 8 14 10 1 9 66 95 18 6 19 21 5 12 145 121 17 4 7 12 2 24 84 77 8 1 14 17 5 10 146 12 1 0 0 2 0 1 3 20 7 3 12 0 2 3 26 9 2 1 5 1 2 5 14 19 2 2 2 3 2 10 45 18 0 3 1 0 1 1 3 3 1 1 0 1 0 4 7 8 1 1 0 2 0 1 4 3 1 1 0 1 3 2 10 17 0 2 2 3 0 0 6 23 4 2 4 3 1 4 21 21 2 0 2 6 1 3 10 9 1 2 3 5 3 4 43 13 5 0 1 6 1 0 4 9 5 2 4 0 0 2 16 36 8 1 3 15 0 12 25 23 1 2 4 4 0 3 45 5 1 0 0 0 0 0 5 7 1 0 1 1 0 0 9 5 5 0 0 2 0 0 4 1 2 0 5 1 2 4 19 17 1 2 0 1 0 0 5 14 1 1 4 1 0 6 11 53 6 3 3 30 5 17 33 19 5 2 7 6 1 4 51 105 2 1 7 4 1 7 37 145 9 5 28 16 5 13 145 308 19 7 21 50 6 42 158 323 60 18 57 61 21 57 554
443 9 9 11 12 5 14 50 157 20 14 27 15 6 16 159 172 14 9 22 29 2 28 202 85 15 1 16 23 3 17 124 21 1 2 2 1 0 0 6 32 11 1 8 4 2 3 15 20 2 0 4 1 0 0 27 21 4 2 0 3 1 6 36 17 2 6 0 0 0 3 4 5 1 0 2 0 0 0 2 10 1 0 1 0 0 1 3 1 0 0 2 0 0 0 9 19 1 2 5 1 0 1 5 28 10 3 14 6 0 3 30 22 4 0 2 6 0 4 17 20 2 1 4 6 0 4 39 9 2 2 4 3 0 2 2 21 3 0 5 2 1 1 17 24 5 2 6 8 0 8 28 16 2 1 5 4 1 3 41 3 1 0 0 0 0 0 1 6 1 1 0 1 0 2 5 5 0 0 0 0 0 1 6 7 1 1 2 2 2 0 20 12 0 4 0 1 1 4 5 19 3 2 6 5 0 5 18 36 5 1 5 5 0 18 29 17 3 0 3 1 3 2 40 59 5 7 2 5 2 8 26 131 20 7 32 27 6 24 166 298 28 6 18 37 4 31 165 188 41 7 44 44 28 40 510
357 4 1 4 5 2 3 25 54 4 0 8 3 0 7 92 46 4 1 11 17 4 58 150 35 5 0 5 9 2 15 147 7 0 0 0 1 0 2 1 8 1 0 0 4 0 2 6 11 1 0 2 0 1 1 3 13 0 3 2 2 1 4 17 4 1 0 0 0 0 0 1 2 1 1 2 0 0 0 0 3 0 0 1 3 0 0 3 0 1 0 0 2 0 0 5 12 0 1 0 0 0 1 3 20 0 1 1 3 0 3 14 14 0 1 1 2 0 2 6 11 4 0 4 3 0 3 20 4 1 1 2 3 0 2 1 12 3 1 1 1 0 1 6 20 1 0 1 13 2 24 55 13 2 0 3 4 0 5 45 3 0 0 0 0 0 0 0 3 1 0 1 1 1 0 4 3 0 0 1 0 1 4 1 3 2 0 0 0 0 1 9 8 1 1 0 2 0 0 1 12 0 1 3 1 0 2 5 46 2 1 1 13 1 19 48 13 3 0 3 4 1 3 37 118 4 2 2 3 1 5 5 441 16 8 15 15 3 7 65 431 18 4 10 41 3 38 79 943 62 18 61 85 22 60 445
475 18 17 15 18 3 22 99 140 27 5 32 6 4 10 119 135 18 7 30 29 6 53 328 55 13 3 9 5 4 9 177 18 3 1 5 1 0 2 7 31 22 3 41 1 4 1 36 14 0 0 2 2 0 6 22 5 3 1 1 2 2 2 30 19 0 4 1 2 0 1 3 8 2 1 1 0 0 1 3 5 1 0 0 5 0 4 11 5 0 0 0 1 0 4 2 19 1 5 1 0 0 3 5 49 109 4 27 1 5 7 19 14 2 1 1 0 2 6 21 14 1 0 2 3 2 2 21 19 0 1 1 2 0 4 7 17 4 0 2 0 0 0 7 30 5 2 5 23 2 36 47 9 3 0 3 5 2 6 35 0 1 0 0 0 0 2 0 8 3 0 2 0 0 0 4 7 2 0 1 3 0 3 4 4 1 1 1 5 3 1 18 21 5 0 0 3 0 5 4 21 1 0 3 2 1 3 10 33 3 0 4 72 5 43 38 7 3 0 4 4 1 3 23 67 5 1 4 7 2 9 31 252 39 5 38 22 6 10 146 80 8 6 15 25 6 34 146 151 34 5 26 31 37 32 316
404 12 14 3 22 2 20 53 65 18 6 57 8 1 5 75 102 10 3 10 31 3 78 476 48 17 2 16 10 3 12 206 13 4 3 2 4 2 2 3 16 19 6 118 7 2 4 60 7 1 1 0 3 1 3 15 3 1 1 3 2 2 3 25 16 1 5 1 2 0 0 2 1 1 0 1 0 0 0 7 5 0 0 1 8 0 1 5 0 2 0 0 0 1 0 3 12 0 2 1 0 0 5 4 29 14 2 38 2 1 4 21 9 0 0 1 8 0 1 5 6 3 1 5 3 1 0 28 14 0 0 2 4 0 1 5 9 2 1 7 1 0 0 8 25 5 0 0 14 3 11 63 7 3 1 5 8 6 4 54 2 1 0 1 1 0 0 0 2 2 0 1 0 0 0 5 2 0 1 1 2 0 2 3 4 2 0 6 2 1 1 11 11 0 1 0 5 0 1 3 6 3 1 2 1 0 2 5 59 5 2 3 113 5 32 46 14 6 1 3 8 4 4 54 52 2 3 4 2 0 4 22 382 24 3 28 12 2 11 128 94 5 4 5 67 8 22 128 157 23 3 20 31 15 33 452
466 16 23 29 19 3 21 63 104 31 1 44 4 4 14 166 93 9 12 9 35 3 45 163 38 16 3 14 17 3 8 102 11 3 0 3 3 0 0 5 36 52 3 74 2 4 2 54 9 1 1 2 2 0 8 13 14 7 1 5 1 1 3 43 20 1 19 4 2 0 4 5 4 0 3 8 1 0 1 5 7 0 1 1 2 0 4 6 2 2 0 0 2 0 2 9 17 1 4 5 1 0 2 8 42 49 6 85 1 2 9 47 16 1 0 3 5 2 2 11 5 7 0 2 2 2 2 35 13 0 3 4 1 0 4 5 6 0 0 2 1 0 2 8 41 2 3 4 60 2 82 55 12 4 1 3 7 4 5 46 5 2 0 1 0 0 1 0 3 1 0 3 1 0 3 11 3 0 0 0 3 1 1 6 6 4 1 2 5 11 1 40 22 2 5 1 6 0 7 4 8 3 1 1 2 1 0 11 37 4 1 0 100 1 100 64 10 2 0 5 8 4 5 25 40 8 6 6 5 1 9 17 197 56 4 39 10 4 11 123 98 11 4 6 43 7 46 155 67 44 3 19 36 33 35 351
469 15 29 10 15 2 23 52 109 29 2 40 13 3 8 112 143 13 7 16 37 1 52 190 53 11 2 7 9 9 13 94 14 1 1 6 2 1 1 0 36 57 3 100 1 2 4 38 7 3 0 1 3 1 3 16 12 7 0 6 5 3 6 36 25 2 8 9 1 0 6 5 9 3 0 4 0 0 1 4 13 0 0 1 3 0 7 0 2 0 2 0 1 0 4 5 15 2 5 5 1 0 3 9 46 69 2 86 4 3 3 36 10 3 2 0 2 2 4 12 10 3 0 9 4 5 2 29 13 2 4 2 1 0 5 6 8 5 1 4 1 2 0 9 31 2 4 5 50 3 71 57 9 3 0 2 12 5 6 39 1 1 1 0 0 0 2 3 5 6 0 3 0 0 0 4 1 1 0 0 3 0 5 9 6 3 0 3 4 5 3 46 20 1 8 2 4 0 6 8 15 2 2 6 0 4 1 10 45 5 3 6 56 5 81 57 12 1 1 5 3 6 10 34 34 4 3 6 5 1 5 20 135 38 6 28 6 9 17 136 110 6 5 7 44 14 47 184 85 34 6 33 32 31 41 366
390 9 18 9 3 1 4 31 113 17 1 21 2 0 5 41 97 9 6 11 10 1 32 365 53 8 2 10 5 3 10 144 12 1 1 0 0 0 0 1 12 33 2 19 4 0 1 19 10 3 0 0 1 0 3 8 7 4 1 6 2 2 3 18 16 4 10 8 0 0 1 3 8 3 1 3 1 1 0 0 4 0 1 1 0 1 2 1 2 1 0 0 0 1 0 2 12 1 4 3 0 0 2 3 39 48 1 45 5 3 2 15 5 0 1 0 0 0 1 18 9 2 0 4 2 4 1 16 9 2 2 2 0 0 2 0 19 2 0 1 2 0 1 4 17 3 3 3 13 0 44 20 10 2 0 2 1 4 1 22 2 0 0 0 0 0 0 2 6 4 0 1 0 0 0 2 2 0 0 0 2 0 3 2 4 3 1 0 4 4 3 32 16 2 2 2 1 0 2 1 11 3 2 2 1 0 0 2 36 3 1 2 50 4 37 20 9 3 0 2 1 0 0 13 69 5 5 1 5 2 6 18 500 39 5 28 11 7 13 93 249 10 3 10 47 1 27 95 535 60 3 48 51 34 45 413
440 16 20 22 14 4 16 60 113 18 8 22 6 5 15 95 139 16 6 21 37 4 33 221 75 15 2 16 20 8 19 197 13 3 2 0 3 1 2 5 27 23 5 41 3 1 4 19 6 1 0 1 1 0 2 20 6 2 1 7 4 4 8 29 20 2 4 1 1 0 1 3 3 1 0 1 2 2 2 10 6 0 0 0 1 0 2 6 4 0 0 0 2 0 0 4 22 3 7 2 4 1 3 8 46 18 7 30 4 3 2 20 10 1 1 2 6 0 0 15 8 3 3 5 3 2 4 35 14 0 0 2 0 4 2 4 8 1 1 1 1 1 0 19 36 3 1 2 24 1 13 26 10 2 2 3 4 11 3 45 5 0 0 1 0 1 1 3 5 0 1 2 2 0 1 8 7 1 0 0 4 0 1 8 5 5 1 2 2 5 1 30 20 0 1 2 2 0 2 6 17 5 0 5 1 1 1 13 49 5 2 4 38 3 17 34 11 5 0 8 6 7 9 40 62 4 3 4 7 2 8 38 167 26 9 28 9 5 13 158 148 12 5 16 60 5 38 167 181 40 4 39 37 30 45 526
434 11 30 14 15 7 27 58 107 19 11 46 1 2 6 116 157 14 8 15 44 7 55 223 149 8 0 7 11 4 21 312 10 2 5 2 2 0 0 2 17 23 6 80 1 1 1 18 6 2 1 0 1 2 4 16 8 2 0 3 2 0 3 37 24 1 7 1 2 1 2 2 6 1 0 2 0 0 0 4 5 0 1 1 5 0 2 3 1 0 0 0 0 1 1 8 17 2 2 3 3 0 2 7 28 13 2 32 3 1 0 29 7 0 0 1 1 0 3 11 6 4 1 0 1 2 1 41 9 1 1 1 2 0 4 4 8 1 0 7 0 0 1 15 35 1 1 2 30 1 30 25 17 2 0 4 5 3 2 49 2 1 0 0 0 0 1 0 4 2 3 8 1 1 0 8 1 0 0 0 2 0 3 4 3 1 0 6 1 6 2 19 13 1 3 1 3 0 4 4 14 2 0 2 1 0 4 8 41 6 2 5 106 12 53 52 18 4 3 1 4 6 5 53 30 2 1 2 4 0 4 32 85 9 3 20 12 4 11 97 73 5 4 6 35 7 37 182 173 18 3 24 27 26 28 624
436 19 11 12 14 4 10 116 158 24 6 34 17 6 18 504 108 15 3 13 23 4 24 273 94 12 2 17 10 4 17 374 8 2 1 1 1 0 5 8 17 8 1 5 3 0 3 27 13 5 2 0 3 1 4 21 10 5 1 0 3 3 4 53 6 1 1 3 1 0 0 6 2 1 0 0 1 0 0 8 1 3 0 0 3 1 0 7 4 2 1 1 2 0 1 7 10 2 0 1 2 1 1 2 22 10 1 9 3 4 5 34 11 2 0 1 3 0 2 12 7 5 2 7 4 1 3 58 7 0 0 3 1 0 0 7 7 5 0 5 2 2 3 36 21 0 2 4 4 2 4 33 15 2 1 5 3 0 4 46 2 0 1 1 0 0 0 2 2 2 1 2 2 0 0 8 2 1 0 1 1 0 0 9 3 1 0 0 0 0 0 22 3 0 0 1 2 0 1 8 7 1 0 4 2 1 3 14 13 4 1 0 8 3 9 31 10 3 0 5 5 3 3 48 65 2 2 7 8 2 5 31 163 12 4 21 13 7 7 164 127 14 2 9 15 7 16 146 113 20 7 28 13 8 26 427
396 7 1 5 4 1 7 77 188 4 1 7 5 2 5 211 198 9 1 9 7 0 15 416 217 8 1 9 25 1 13 480 5 0 0 0 0 0 0 5 12 1 1 2 0 0 3 11 8 4 0 1 1 0 1 11 15 1 0 1 1 0 0 15 3 1 0 0 0 0 1 3 1 0 0 0 0 0 0 4 3 0 0 0 0 0 0 2 4 0 0 0 0 0 0 3 5 1 0 2 0 0 1 5 15 1 1 0 0 0 0 11 6 0 0 0 3 0 0 12 9 1 1 2 2 1 1 25 7 0 0 2 1 0 0 4 8 1 1 1 3 0 1 7 9 1 0 0 1 0 1 14 12 2 0 1 1 0 0 14 0 1 0 0 1 0 0 2 0 0 0 0 0 0 0 2 2 0 0 0 0 0 0 3 1 0 1 0 0 0 1 6 2 0 2 0 1 0 0 1 7 2 0 1 1 0 1 14 6 1 0 0 0 0 2 24 12 2 0 1 0 0 3 19 41 2 2 0 2 3 6 44 153 16 3 10 9 1 12 168 248 12 2 11 2 2 12 191 524 17 2 19 19 8 25 520
475 18 7 15 17 3 14 56 162 24 5 21 18 5 16 71 165 33 6 42 10 6 22 330 68 13 3 16 15 5 11 131 21 4 2 2 2 0 2 7 27 4 3 12 5 1 2 28 11 5 1 3 1 1 9 26 10 7 3 2 4 4 17 36 6 0 0 1 1 1 2 4 7 1 0 1 1 0 1 5 5 0 0 0 1 3 2 6 2 1 0 3 0 1 2 6 18 3 0 2 2 1 4 4 33 21 2 13 6 2 3 38 15 1 0 8 4 2 8 27 29 6 0 10 4 6 2 43 17 5 2 3 1 0 3 5 25 2 4 7 5 0 6 19 16 3 2 6 3 1 4 35 13 4 0 5 4 5 6 49 3 0 0 2 1 2 0 4 4 1 0 0 1 0 2 4 6 1 2 2 2 0 2 11 6 3 1 3 1 1 3 11 7 5 0 2 1 0 0 8 33 5 3 7 0 3 0 12 12 7 0 2 1 2 9 30 12 6 1 8 2 4 5 46 48 4 3 4 7 1 5 32 253 43 6 36 26 12 26 161 47 21 5 17 15 3 24 164 130 44 8 39 26 19 44 569
444 11 7 16 14 2 17 33 142 29 8 38 7 0 11 78 121 17 7 13 26 1 33 253 78 8 2 9 7 5 3 90 18 3 1 5 4 2 1 7 30 29 3 38 4 0 4 28 10 1 1 2 5 0 4 12 7 4 0 3 1 2 7 31 15 3 8 1 3 0 2 0 3 3 0 0 0 0 0 3 9 1 0 0 1 0 4 3 2 0 0 2 0 0 0 10 13 1 0 1 1 1 5 6 50 69 3 26 3 3 2 38 16 2 0 3 5 0 1 19 7 3 2 2 5 1 3 30 14 4 2 0 1 0 0 4 19 1 0 6 2 1 2 8 27 2 2 4 22 1 44 31 12 2 1 5 3 2 3 30 1 0 0 1 0 1 0 1 3 3 1 2 0 0 2 7 4 0 0 0 1 1 4 6 1 2 0 5 3 1 0 12 16 1 2 4 0 0 1 2 18 2 0 1 2 0 1 8 33 3 1 1 34 4 37 27 8 3 1 4 3 4 2 36 91 5 5 6 2 2 5 35 504 66 3 40 17 7 22 155 119 8 3 9 31 6 25 158 234 27 0 32 31 14 30 400
476 11 10 12 26 5 22 101 206 18 5 25 20 7 19 307 169 13 7 5 26 2 30 153 114 12 4 18 18 6 10 200 11 3 1 4 2 0 1 9 13 8 3 17 3 0 1 37 22 2 1 2 3 0 4 20 14 4 1 3 5 2 2 25 12 2 5 0 2 0 2 2 1 0 0 3 3 0 2 8 4 0 1 1 1 0 5 2 3 1 1 0 0 1 1 7 13 2 3 2 2 1 1 6 14 11 1 12 1 0 1 19 16 5 0 4 3 0 4 24 17 2 0 3 2 1 1 29 19 3 1 1 2 0 1 8 12 3 0 5 1 1 3 23 35 3 2 3 18 2 40 25 13 4 0 3 2 2 5 33 2 0 0 0 0 1 0 1 5 0 0 0 1 0 0 11 6 2 0 1 0 0 4 8 3 1 2 1 5 3 0 24 17 1 3 1 3 1 6 8 11 4 1 2 2 1 2 18 35 3 3 3 36 0 27 34 12 2 2 6 2 2 2 26 71 6 1 4 3 1 11 33 136 20 2 30 15 2 9 207 198 20 3 13 32 6 28 187 135 25 2 38 20 12 25 384
